int 10 30 93 41 52 86 18 93 53 56 56
char 11 t p g m s p t o d j a
char 11 t h f q f d a e i p p
int 11 39 71 24 25 85 49 89 36 30 25 91
int 11 73 5 66 78 46 49 74 5 73 49 98
int 13 63 19 38 83 44 88 32 15 17 67 24 94 93
int 15 91 14 19 28 33 52 87 7 42 6 92 64 68 4 77
bool 16 0 1 1 0 0 1 0 1 1 1 1 1 1 1 0 0
double 17 7.63 8.01 9.19 4.97 5.38 1.3 7.21 8.35 5.53 5.39 9.2 4.88 3.94 9.97 1.26 7.19 8.1
int 19 96 1 71 7 36 87 5 89 48 20 18 78 4 73 69 4 50 46 39
int 20 30 59 5 7 88 18 27 17 95 97 42 10 2 87 76 77 35 95 31 22
double 20 8.12 6.62 3.35 5.79 6.68 1.89 9.8 2.67 1.86 6.8 1.02 5.1 4.73 9.5 8.13 6.75 1.1 7.5 5.7 3.59
char 23 k k n n i i n c l a f p b e o h i i f i s o d
int 24 79 14 57 75 29 5 4 52 65 85 55 2 21 11 2 86 75 26 92 2 3 98 89 82
bool 24 0 0 1 0 0 1 0 1 1 1 1 1 0 1 1 1 1 1 1 1 0 0 1 1
double 25 5.03 0.91 1.49 7.69 2.28 6.23 0.31 1.54 0.85 7.64 6.96 8.81 5.86 9.35 3.02 0.54 0.29 7.01 9.6 7.18 7.66 8.75 0.5 6.93 0.1
int 25 11 1 75 92 87 15 62 91 17 15 28 52 12 5 15 36 13 49 46 1 94 37 41 13 23
double 27 0.51 7.81 9.55 9.32 7.31 9.46 0.91 0.75 8.91 1.86 3.87 5.46 8.27 6.91 2.38 0.05 6.21 4.51 4.99 8.41 3.12 0.98 0.95 2.44 3.46 6.27 0.32
double 27 4.92 8.73 8.03 2.64 6.51 1.26 7.08 7.05 9.72 1.42 5.88 4.42 7.65 2.99 2.74 2 9.09 1.69 9.82 0.57 1.85 4.01 3.43 5.87 5.26 4.13 8.67
bool 28 1 1 0 0 1 1 0 0 1 0 0 0 0 1 1 0 1 1 0 1 0 0 1 0 1 1 1 1
bool 28 1 0 1 1 0 1 1 0 1 1 1 0 1 0 0 0 0 0 1 1 0 0 0 1 0 1 1 1
char 29 o j a b a p c t f p p k i j f r g c f o n c b m q g g k b
char 29 p g t r m a q e k h o p d l n r r o q f l m q f h j p k m
char 29 k q n c b s d b c t i l q c h d i a l a j c e l f l j j n
bool 30 1 0 0 0 0 1 0 1 1 0 1 1 0 1 1 0 1 1 1 1 1 0 0 0 1 0 0 1 1 0
int 31 19 42 5 35 45 37 35 52 86 29 46 73 86 46 6 28 16 85 77 96 94 26 78 82 96 85 93 34 17 64 50
int 31 61 58 9 63 42 87 16 35 71 64 28 32 85 44 78 47 6 79 78 73 12 27 62 51 48 84 71 42 37 25 11
bool 32 1 0 0 1 1 1 0 1 1 0 1 1 0 1 1 0 0 0 1 0 1 0 1 1 1 0 0 1 1 1 0 0
bool 34 0 1 1 0 1 1 0 1 0 1 1 1 1 1 1 0 0 1 0 1 1 1 1 0 1 1 0 0 0 1 1 1 1 0
char 35 b q k j f m l j n n p p n b i k p j c h f a h n f d q i m r o n t o a
int 37 94 9 2 18 98 60 4 22 24 16 57 2 21 17 69 77 12 21 18 81 28 90 95 43 26 8 34 48 32 22 44 71 73 22 85 84 14
char 39 l a i d s j p m e m o k j t s i h t l g p c i e q a a a q g h q a s h q t q t
int 39 15 65 82 15 46 4 89 4 60 69 42 82 59 88 14 92 6 9 21 51 67 94 33 69 30 96 87 66 39 75 17 9 30 37 21 52 64 92 12
int 40 39 84 24 62 3 73 91 68 82 61 15 63 65 97 33 26 71 3 94 31 99 83 80 37 62 59 93 99 4 66 35 38 63 4 10 96 83 23 38 93
double 42 7.31 9.91 0.39 7.62 5.39 5.95 4.18 8.19 0.55 8.18 4.82 9.9 1.96 5.2 6.11 2.52 9.39 3.03 2.66 0.85 1.08 5.61 0.52 9.43 0.69 8.12 9.54 5.41 9.7 6.64 8.04 5.43 4.37 4.29 0.24 9.68 9.41 4.69 5.61 1.06 5.67 9.85
bool 43 0 1 1 0 1 0 0 1 0 1 0 1 1 0 0 1 1 0 1 0 1 1 1 1 1 0 0 1 1 1 0 0 1 0 1 0 0 0 0 1 0 1 0
int 43 58 29 76 40 66 48 73 6 3 7 65 6 26 59 76 93 93 62 77 27 4 70 28 77 47 91 42 80 44 79 9 62 75 30 19 95 51 68 89 63 81 66 21
int 47 31 79 61 38 64 65 51 7 56 45 65 26 98 47 53 24 7 38 18 26 51 98 78 7 71 81 21 3 67 18 58 44 44 38 26 78 97 47 49 79 73 72 11 9 2 48 84
int 47 91 1 17 89 74 93 38 4 85 32 35 33 35 26 13 67 71 57 74 96 88 45 77 30 24 36 89 57 49 78 4 5 41 69 59 84 72 48 78 77 14 73 30 19 85 71 11
char 48 g l m l d h c d t b r e k r g b c f t a i e d j h g p n b g g j l r l b b m p l r r a q a s b t
char 49 a q n d o n r p k c g s m l g g m a i r n s c a m s k b g d t i d b j i j s j d o a c h g h i p j
double 50 7.82 0.29 8.52 4.19 0.85 3.14 3.54 2.69 7.39 7.88 3.95 8.78 5.31 4.2 3.25 2.1 8.85 5.24 3.57 1.21 8.98 4.88 7.49 5.64 3.88 8.77 3.53 1.33 0.04 9.07 3.92 2.01 2.25 3.64 6.9 3.88 2.74 3.58 1.06 7.69 8.06 1.47 7.21 8.9 4.98 9.05 9.3 3.01 8.18 8.46
int 52 5 82 2 6 42 62 45 82 73 44 59 93 18 13 95 13 8 54 16 64 26 3 91 7 20 53 78 9 56 93 61 74 92 81 20 27 99 17 30 87 68 69 51 92 72 44 10 94 76 2 1 83
bool 53 0 1 1 1 0 1 1 1 0 1 0 0 1 0 1 1 0 0 0 1 0 1 1 1 0 0 1 0 0 1 1 1 1 1 1 1 0 0 0 0 1 0 0 1 1 1 1 0 0 1 1 0 0
bool 54 0 0 0 1 1 1 0 1 0 1 1 0 1 0 0 1 0 0 1 1 0 1 0 0 1 0 0 1 0 1 0 0 1 1 1 1 0 1 1 1 0 1 1 1 0 0 0 1 1 0 0 1 0 0
int 54 12 38 86 63 2 96 80 43 73 52 99 36 37 87 24 35 79 3 91 14 1 17 33 4 85 71 34 35 69 27 55 78 4 6 61 37 17 43 84 26 7 59 78 41 7 23 44 88 13 63 76 99 26 50
int 55 58 92 9 77 25 58 96 65 71 72 66 76 83 28 2 45 13 71 94 90 93 85 36 46 51 95 60 15 86 65 41 22 33 71 59 93 50 74 3 9 23 79 48 47 92 70 61 51 95 58 33 89 85 47 36
double 57 5 7.06 4 0.54 3.29 2.47 6.64 4.29 6.87 0.54 5.26 4.2 3.24 3.47 9.55 3.65 9.62 6.09 7.8 8.41 8.33 6.11 7.04 9.92 9.34 6.06 8.83 8.09 1.53 2.38 9.84 0.9 0.12 5.5 6.29 9.95 7.69 6 8.23 1.85 9.42 1 5.69 1.19 3.83 2.94 8.12 5.01 5.19 1.36 7.4 4.85 0.63 6.51 8.2 3.77 2.78
bool 57 1 1 0 1 1 1 0 0 1 1 1 0 1 1 0 0 0 0 0 1 0 0 1 0 1 1 1 1 1 1 1 0 1 1 1 1 1 0 0 0 1 0 0 1 0 0 0 1 1 0 1 1 1 0 0 1 1
bool 58 0 1 1 0 1 1 0 0 1 0 0 1 1 0 1 1 0 0 1 0 1 0 0 0 0 1 1 1 1 0 0 1 1 1 1 1 1 1 1 0 0 1 1 0 0 0 0 1 1 0 1 1 0 0 1 0 0 0
bool 59 0 1 1 1 1 0 1 1 1 0 0 0 0 0 0 0 1 0 0 1 0 1 1 1 0 0 0 0 0 0 1 0 1 1 0 0 0 0 1 1 0 0 1 0 1 0 0 0 1 1 1 0 0 0 0 1 1 1 1
int 61 56 72 81 71 80 58 28 88 35 11 96 51 91 62 79 63 3 7 87 14 17 62 97 77 73 11 2 45 57 10 55 78 93 47 77 25 57 52 45 29 52 73 15 28 20 50 12 84 27 12 59 79 63 46 17 44 45 38 73 7 11
char 62 m t q c g o a d l a m l j i a i e l j o r b h m l e p t f c p d q a d f h g b f e q g o s q o t i t s a f o r i g i p f b i
double 63 9.48 9.54 0.38 8.63 3.41 0.67 3.02 2.4 2.22 7.47 5.05 2.92 7.55 4.35 8.35 0.9 0.35 0.99 0.61 8.83 2.59 3.69 3.95 6.47 9.61 6.3 0.09 4.89 7.37 9.69 1.75 2.69 1.05 8.24 8.18 5.01 0.02 3.2 1.36 8.18 8.82 7.56 9.26 4.83 2.05 6.12 8.06 9.56 9.88 5.5 8.41 5.18 4.03 7.67 8.19 2.59 6.62 1.69 0.1 9 9.28 5.12 4.69
char 63 m f c j o e g c k s r n i g e p h n n k b f q o d p g m m k c l q n c e r q h k t i e e q o o k c j i s d q n n i o i q m t n
bool 63 0 1 1 1 0 0 1 1 0 0 1 0 1 1 0 1 1 1 1 1 0 0 0 1 1 0 0 1 1 1 1 1 0 1 1 0 1 1 1 0 1 0 0 0 1 0 0 1 0 1 1 0 1 0 0 1 1 1 1 1 1 0 0
bool 66 0 0 0 1 1 0 0 0 1 1 1 0 1 0 1 0 1 1 0 1 0 1 1 1 1 1 1 1 0 0 1 1 1 0 1 1 0 1 1 0 1 0 0 1 0 0 0 0 1 1 0 0 1 0 0 1 1 1 1 1 1 0 0 1 1 0
char 67 p p q e b l b g d b o h a m d r p n s p m s r e e d n k b q p p a l i j d a k l j j t c r p i t n k e f r k g d d j q f l b h n r f q
bool 67 0 1 1 0 0 0 0 0 1 0 1 0 1 1 1 1 0 0 1 0 0 1 0 1 0 1 0 0 0 0 1 1 0 0 1 0 0 0 0 0 0 1 0 1 1 0 1 1 0 1 1 1 1 1 0 1 1 1 1 0 1 1 0 1 1 0 0
char 68 s j j c g p l i h c l h j k a r b t q m q g i o a h o c e n t n a t e q p i r t q h p s p n f m l m r g p s j d m b s i t a f a p o h t
bool 68 0 1 0 1 0 0 0 1 0 0 1 1 1 1 1 1 0 0 0 1 0 0 0 1 0 0 1 1 1 0 0 1 0 1 0 1 1 0 0 1 1 0 0 1 1 0 0 1 0 1 0 0 0 0 0 1 0 0 1 0 0 0 1 0 0 0 1 0
int 69 31 94 81 7 62 67 83 34 7 9 4 18 28 25 86 64 99 13 93 64 44 6 53 69 99 14 50 25 42 76 34 12 49 53 7 90 12 99 38 42 86 57 75 36 5 63 98 21 2 59 80 50 94 17 4 59 8 44 63 31 60 81 81 12 35 74 81 36 7
char 70 o i a p t m r h q c k q j c r b c n g m m o b a l p s a j f g h r k g l k n f k s c e j h j t g t n i a b l c b h f d f q l g l a e d n a d
char 71 m k k g e s r e p p s e p k a c a s l i i k b h e d k a j a j i j i n r f c p i i g p e r r p g q b p l g i d d i o h c c j c i q f p l f t l
bool 71 0 1 0 0 0 1 1 1 0 1 1 0 0 0 0 0 1 0 1 1 0 1 0 1 0 1 0 0 1 0 0 1 1 1 1 0 1 0 1 1 0 1 0 0 1 1 1 0 1 0 0 0 1 1 1 1 1 0 0 1 1 1 1 1 1 0 0 1 1 0 1
double 71 2.54 5.54 4.06 3.7 9.02 2.63 6.32 6.03 0.68 5.67 6.18 6.54 3.09 1.16 8.14 1.19 7.84 0.59 7.09 2.04 3.76 0.61 3.92 8.32 0.4 2.7 7.9 0.72 4.99 0.74 0.44 7.6 0.86 7.27 1.18 2.12 8.1 5.85 7.15 7.85 1 4.37 3.82 8.12 0.72 4.14 2.29 9.07 5.32 4.82 7.98 3.04 7.01 3.23 4.53 9.93 0.07 2.12 5.14 0.59 6.62 7.93 4.9 5.57 9.96 6.04 8.5 3.67 0.29 6.22 6.9
double 73 3.7 9.86 0.23 9.54 6.82 3.8 9.43 4.3 8.23 8.63 0.9 9.91 8.55 8.06 2.67 5.63 0.83 2.91 5.03 6.19 5.01 6.76 1.9 4.03 9.42 2.99 0.22 6.47 0.22 8.4 5.71 3.38 0.16 9.43 4.26 0.97 8.58 6.31 8.5 9.93 2.05 9.56 1.74 2.43 7.57 7.04 7.38 6 0.27 4.05 0.15 7.69 3.9 9.82 4.1 4.13 4.11 9.21 4.72 0.13 4.44 5.88 4.65 6.35 7.1 8.41 3.42 5.61 8.58 2.77 6.74 8.67 3.43
bool 76 0 1 0 0 1 0 0 1 0 0 0 0 1 0 1 0 0 0 0 0 1 0 0 1 1 1 1 1 0 0 1 1 0 0 1 1 0 0 1 0 1 1 1 1 1 0 0 0 1 1 0 1 0 0 0 1 0 1 0 1 0 0 1 1 1 1 1 0 0 0 0 1 0 0 1 1
int 76 64 38 91 73 41 29 30 11 99 26 55 10 99 43 39 58 70 9 26 7 11 57 34 66 83 24 67 74 66 85 23 10 27 36 70 45 91 22 75 42 13 96 16 42 19 56 15 86 53 38 76 7 31 22 18 16 32 57 32 22 52 88 84 83 40 58 17 90 69 52 71 82 49 31 23 30
bool 79 0 0 0 1 1 1 1 0 0 1 1 0 1 1 0 1 1 0 1 1 0 1 0 0 1 1 1 0 1 1 1 0 0 1 1 1 0 1 0 1 0 1 1 0 0 1 1 0 0 0 0 1 1 0 0 1 0 1 0 0 0 0 0 1 0 0 1 0 0 0 0 0 0 1 0 0 1 1 0
double 81 7.56 5.52 8.26 4.38 4.3 3.04 7.24 8.97 9.78 7.54 7.06 4.18 5.33 3.54 6.93 0.95 2.52 5.73 5.92 2.81 8.38 3.61 4.3 2.21 3.91 6.56 8.18 8.15 7.38 1.82 1.3 3.5 1.47 1.67 6.07 9.98 0.51 8.56 6.5 1.99 6.61 2.12 0.51 3.73 8.61 1 9.46 8.95 0.27 2.08 8.27 1.15 8.22 2.01 1.46 1.65 3.34 0.31 7.16 4.54 3.57 3.41 7.92 8.64 0.08 5.26 7.22 0.25 5.01 5.23 2.04 4.1 3.45 8.09 4.01 7.84 8.59 7.52 5.42 7.52 3.72
int 81 53 64 99 29 97 82 80 60 65 5 60 59 33 56 16 24 86 6 34 90 30 91 6 80 78 89 18 21 40 82 20 99 69 15 26 83 23 47 73 65 79 45 73 5 29 13 76 79 9 23 74 25 98 58 59 93 31 82 90 80 20 53 57 9 33 63 68 46 19 92 85 67 67 90 55 20 91 53 88 27 12
double 82 9.05 0.76 4.03 3.49 8.44 2.87 4.19 6.37 4.6 8.26 5.99 3.3 4.41 2.91 0.32 1.81 1.14 7.01 7.26 0.61 9.39 9.22 5.76 6.81 0.77 1.14 0.25 5.49 9.06 6.9 6.99 9.49 2.58 5.21 0.55 4.59 1.38 9.96 8.38 2.58 1.26 0.97 6.06 3.31 2.67 6.29 5.82 5.72 6.33 3.28 5.81 5.2 9.98 3.17 7.34 9.34 9.43 4.96 4.19 9.37 3.62 3.88 4.24 0.3 9.3 7.79 8.07 5.18 4.53 0.58 8.65 1.73 1.4 5.93 2.79 1.53 9.12 0.02 8.45 2.58 7.2 1.08
bool 83 0 1 0 0 0 1 0 0 1 1 0 1 1 1 1 1 1 1 1 1 0 0 0 1 1 0 0 1 0 1 1 1 1 0 1 0 0 1 0 1 0 0 0 0 1 0 1 0 1 0 0 1 1 0 0 1 0 0 1 1 0 1 0 1 0 1 1 1 0 0 1 1 1 1 0 0 0 0 0 1 0 1 0
bool 84 1 1 0 0 1 1 0 0 1 1 0 0 1 1 0 1 0 1 1 1 0 1 1 0 1 0 1 0 0 1 0 0 0 1 1 1 0 0 0 1 1 0 0 1 1 0 1 1 0 1 1 0 0 0 0 1 1 1 1 1 1 0 0 0 1 0 0 0 0 0 0 0 0 1 0 0 1 1 0 1 1 1 1 1
int 84 31 69 57 16 7 19 67 11 29 56 91 81 44 89 37 19 32 77 22 65 52 14 16 81 16 81 33 58 26 99 16 15 32 40 78 12 91 63 31 51 51 78 13 13 6 15 49 32 70 73 88 72 92 46 83 45 77 16 84 57 86 17 53 69 54 30 28 8 68 33 76 91 56 21 46 96 11 78 77 82 64 74 55 60
bool 87 1 1 0 0 1 1 1 0 0 1 1 0 0 1 0 1 0 1 0 1 1 0 0 1 1 0 1 1 1 0 0 1 1 1 0 1 0 1 0 0 0 0 0 0 1 0 0 1 1 1 1 1 0 0 1 1 1 0 1 1 1 1 1 0 1 1 0 0 0 0 0 1 1 1 0 0 0 1 1 0 1 0 1 1 0 0 1
double 88 1.28 3.01 3.32 5.44 2.36 8.67 8.04 9.8 6.14 6.78 3.34 6.5 4.43 9.63 4.71 5.37 8.01 8.15 7.37 4.25 3.44 6.16 7.79 3.3 8.52 3.88 6.84 4.37 3.4 3.18 5.9 4.69 3.8 9.77 0.17 7.91 0.46 7.19 5.07 3.61 4.65 9.36 3.8 4.72 4.83 7.45 9.41 4.64 8.23 4.38 5.41 4.98 2.06 6.78 7.64 9.98 6.13 0.02 2.69 3.92 5.73 8.36 8.93 5.44 9.18 7.18 8.48 0.8 7.38 9.25 5.87 8.86 4.32 0.87 1.33 3.9 6.57 6.05 3.77 4.3 4.34 7.92 3.17 9.3 0.95 3.1 9.5 5.29
int 88 81 5 13 97 92 82 54 13 10 92 83 2 4 53 90 17 21 22 14 55 16 25 12 1 50 1 67 97 28 83 25 10 11 41 82 54 95 68 36 64 56 44 51 18 65 70 86 23 80 48 31 40 96 72 89 14 17 68 10 45 25 42 71 53 13 58 53 39 94 8 8 22 78 30 84 51 60 54 41 75 69 24 59 66 66 61 87 5
int 89 6 31 37 90 99 72 15 34 24 74 93 68 78 37 55 20 8 72 93 11 37 8 30 4 77 18 59 68 51 52 17 75 68 33 56 47 18 68 69 71 8 7 24 3 31 64 6 84 12 22 8 46 61 81 76 10 46 22 54 1 50 39 65 1 2 57 39 96 36 50 10 34 46 11 47 38 40 7 50 68 88 97 74 11 27 3 59 11 31
char 92 i m k a o e a s p t a l f i o e o d p t r k d m j s m f q g q i t n f p l a p p s b c e r h n t m k s s g i b k m t t k a d t s s h j b p l j e o r k l h m m q m j r j m o c i n q o s
int 92 26 90 32 53 2 87 77 93 71 1 64 58 82 57 63 27 48 63 95 38 69 58 69 62 90 32 70 67 86 20 26 53 73 18 35 76 68 88 91 30 82 23 28 34 89 40 79 17 19 73 21 85 82 68 29 46 94 46 69 94 31 1 82 5 94 85 1 15 62 76 60 8 1 88 78 98 77 50 59 2 65 62 82 34 86 34 6 24 2 67 69 21
int 93 64 31 14 97 86 42 97 53 49 51 84 45 63 78 87 65 37 56 47 82 24 6 26 1 86 87 20 50 28 75 62 86 80 65 53 67 76 23 84 84 83 35 95 74 68 41 18 34 58 10 13 55 70 38 83 16 15 86 5 5 66 14 89 22 50 52 80 54 68 85 81 63 13 31 1 93 40 8 40 71 9 81 16 3 9 87 62 46 39 39 70 93 97
double 94 1.83 0.54 9.56 1.74 5.81 3.26 1.49 7.26 2.9 6.16 6.05 0.16 3.51 4.29 2.05 8.48 5.26 4.75 8.11 4.07 5.18 8.49 8.48 5.81 2.94 9.21 1.46 8.06 1.95 0.93 2.05 8.74 2.64 0.5 1.48 7.34 6.24 9.7 6.34 9.16 0.75 4.11 2.64 2.82 7.09 2.87 9.88 1.75 3.1 3.99 1.23 1.08 2.94 6.53 3.44 9.9 4.12 7.81 1.43 8.3 9.34 1.59 2.8 7.15 1.72 3 2.74 6.34 1.78 3.93 5.16 4.75 9.71 8.34 2.94 3.02 6.03 5.18 6.41 1.84 6.67 0.77 1.57 4.58 4.22 5.6 2.18 4.69 3.56 7.99 8.1 6.42 6.22 5.36
int 94 67 77 6 99 35 12 11 21 22 81 79 13 24 10 63 97 33 28 4 90 21 87 90 64 99 93 52 71 63 3 31 29 60 12 77 22 68 59 48 75 94 58 84 46 6 72 13 1 39 10 58 53 23 37 7 87 50 34 56 44 39 8 28 88 41 36 26 77 29 39 15 68 46 49 9 14 51 24 4 1 19 68 91 52 75 54 99 55 47 18 40 86 29 9
bool 95 1 1 1 0 1 0 1 0 0 1 0 0 1 0 0 1 0 1 1 1 1 0 0 1 1 0 1 1 1 1 0 1 0 0 0 0 0 0 1 1 0 1 1 0 1 0 1 0 1 0 0 0 1 1 0 0 1 0 1 0 1 0 1 0 0 1 1 0 1 1 0 1 0 1 1 1 0 0 1 0 1 1 0 0 0 1 1 1 0 1 0 1 0 1 0
char 95 i o o m s c e j l q f t n n i i r t i m o k m j a a o o q r a m h r d c r m p g l n n n t s g k d c j p t p k t a i r n q e d h j q q g a m b l s j e p g l j m f h i s g k n f p n l t f h q
double 95 6.14 7.08 2.55 2.93 8.78 8.93 3.9 0.6 6.81 4 4.88 7.02 0.5 4.48 6.9 5.93 1.23 5.16 3.27 9.55 3.9 0.8 5.18 3.99 1.76 7.33 6.85 6.42 1.78 3.8 1.47 3.96 1.67 7.84 9.89 5.2 2.04 7.74 6.72 0.92 0.57 7.02 2.86 5.19 2.81 2.51 4.74 2.95 0.8 5.24 1.52 0.93 5.82 6.3 7.17 7.61 2.51 1.82 1.2 0.54 2.63 6.67 4.24 7.2 4.37 6.68 9.68 8.39 1.25 5.5 2.46 4.39 1.22 3.85 3.64 1.04 3.23 5.72 8.91 5.37 5.01 5.41 7.8 6.6 9.25 7.99 6.48 6.44 0.06 1.02 9.53 8.86 1.04 2.31 8.08
double 96 5.49 5.17 7.68 6.52 8.76 4.58 8.1 4.24 1.98 0.72 6.01 1.36 1.16 3.19 7.32 5.45 3.65 8.28 4.27 3.81 3.42 8.78 7.53 8.43 5.33 1.17 6.45 0.66 2.86 4.32 4.02 4.41 5 8.36 4 0.54 8.06 6.34 4.77 3.03 7.53 4.65 4.39 1.87 7.44 3.09 0.31 4.59 9.94 7.16 4.6 1.87 5.48 3.08 4.6 7.69 7.16 6.75 3.75 7.31 1.12 1.52 4.32 8.85 5 5.59 0.29 3.29 6.09 4.14 6.44 4.87 4.58 2.55 1.27 6.18 0.05 4.79 1.87 3.62 1.06 7.32 8.05 3.07 4.38 7.95 6.48 0.96 8.9 8.78 8.72 2.1 7.09 5.86 9.47 1.11
bool 97 1 1 1 1 1 0 0 1 1 1 1 0 1 0 1 0 0 1 1 1 0 1 0 0 0 0 1 0 1 1 1 1 1 0 1 0 1 0 0 0 1 1 1 1 1 0 1 0 1 0 1 0 1 0 1 0 0 0 0 1 0 0 1 0 0 0 0 1 1 1 0 0 0 1 0 1 1 1 0 0 1 1 0 1 1 0 0 0 0 0 1 1 0 1 0 1 1
bool 98 1 1 1 0 1 1 0 0 0 0 0 1 0 0 1 1 0 1 0 0 1 0 0 1 1 1 1 1 0 1 1 1 1 0 0 1 1 1 0 1 0 0 1 0 0 0 1 0 1 1 1 1 1 1 0 0 0 0 0 0 0 1 1 1 1 0 0 0 1 0 0 1 1 1 1 1 0 1 0 1 0 0 0 1 1 1 1 0 0 1 0 1 0 1 1 0 1 1
int 100 41 77 91 68 45 61 18 16 89 82 67 41 93 88 59 89 16 53 78 38 1 24 51 20 80 43 16 26 95 49 57 37 20 12 47 41 47 74 26 84 36 69 97 96 60 18 60 9 55 53 48 85 96 28 87 43 74 12 50 87 33 27 18 37 79 82 24 80 11 60 95 71 39 14 91 49 24 92 18 11 60 88 67 39 57 31 92 50 13 92 33 22 2 79 97 54 95 12 96 32
char 103 k f p c m k n j o d n q j k a e k n g e s c a j r s b c o r t l m d q k f g f k t q c e j g g h e s a i t s s e o b g l j e e r n o t s b i b c a m s b d o l r f p b d l q s o o d c a j o l l d g c p i t e
char 104 t r t m e a d c b m g r e o s m f f b p i f g d l p a o d h a c t p s e f n p m f j d k h e g q l g k r r t d c o j q s d e f t d m f c c c a c t e o g a b r r m p a r l t i i f j i q g t l t i o f j e m m d
double 105 6.68 6.32 8.29 9.08 1.52 8.61 8.17 5.86 4.85 0.55 2.27 3.22 2.58 6.27 5.44 8.87 3.42 3.91 6.46 7.27 8.6 3.13 1.1 2.11 3.47 9.74 9.04 8.16 1.69 3.78 1.38 3.88 5.36 0.75 5.35 6.1 0.04 9.29 1.77 3.41 5.45 6.26 8.42 6.41 2.11 5.28 7.32 4.68 8.64 8.77 1.04 4.29 9.83 4.63 8.59 0.1 0.77 6.55 6.99 0.57 1.62 7.11 8.87 0.13 0.84 9.01 2.29 9.87 6.73 6.92 4.12 6.08 7.98 3.78 0.15 1.04 7.45 6.64 4.68 4.84 4.21 3.56 5.49 0.91 6.18 4.34 1.98 9.05 5.74 1.95 0.31 5.54 0.16 5.54 5.18 2.08 5.5 2.39 0.8 0.77 8.09 7.9 8.28 6.3 1.65
double 106 2.02 7.37 6.54 6.72 5.56 3.09 5.41 1.17 7.79 1.43 2.41 6.24 5.97 8.29 3.99 1.18 2.23 7.54 2.96 8.34 7.81 1.32 1.68 3.16 0.99 1.13 1.25 5.4 8.44 5.8 5.27 5.84 5.44 1.76 2.51 5.76 5.81 4.32 1.92 7.65 2.25 6.45 0.56 8.8 0.16 5.65 3.4 4.89 7.52 2.06 1.33 4.15 3.52 5.57 5.03 8.45 4.11 0.1 2.78 9.79 8.93 3.56 2.41 6.98 1.98 9.96 3.25 3.11 0.85 7.09 1.92 8.78 0.63 6.58 8.74 1.43 8.34 6.29 9.83 5.89 3.34 7.41 2.92 9.74 0.84 0.36 4.99 6.38 4.93 3.78 0.26 6.49 2.9 1.26 7.6 0.49 3.83 9.82 6.31 0.18 7.21 1.11 5.51 5.16 9.65 0.05
char 107 t o k p j j m s k r o h m f k t t t l l t t f e i f l j p p a l d f b n s j i n f f n l c n s d b b h h d m o o q a p q k k k f k d t f g b a t o f i j b b f l k n f n o t l o q n i d j d q c t r l n h l c o e l l
double 108 2.09 1.55 8.23 6.25 0.52 8.01 2.85 4.63 0.58 9.99 7.83 1.69 8.79 0.55 0.69 3.28 7.71 1.89 7.57 7.41 4.69 1.43 9.74 6.87 3.56 5.63 2.61 4.53 8.92 8.64 2.06 2.87 6.42 1.1 3.79 9.67 2.85 3.95 1.95 5.24 4.73 1.84 4.82 3.47 3.93 2.57 8.68 2.76 3.01 0.91 6.59 2.37 3.94 0.13 9.79 1.08 5.51 8.88 6.88 7.71 9.81 1.96 9.62 5.91 0.24 3.68 4.14 9.65 7.67 5.55 6.24 0.07 4.72 5.54 5.93 2.83 8.87 3.13 6.64 5.87 0.63 3.54 3.82 2.99 2.43 3.37 0.91 8.28 9.88 9.76 7.05 8.55 4.1 9.38 4.36 5.98 2.83 0.37 3.34 5.8 7.23 0.48 7.33 7.56 7.86 2.51 5.05 2.63
char 108 f n q m q e t c n n h j b m k s b f g d q n b o s h j p m m j a c q n j n o q n g d t e s e c e o g s s r k f d j i e k s f r b p k h k e p j g b g k m k e q p a h e j g p e m k j s f f k p n j g m c k s j b n p o i
bool 109 0 0 1 1 1 0 0 1 1 1 0 0 0 0 0 0 0 0 1 0 0 1 1 0 1 0 1 1 1 1 0 1 0 1 1 1 1 1 0 1 1 1 1 1 1 1 0 1 1 0 0 0 1 0 0 1 1 1 1 0 1 0 1 1 1 0 1 0 0 0 1 0 1 1 1 1 1 1 0 1 0 1 1 0 0 0 0 1 0 0 0 0 1 1 0 1 1 1 0 0 0 1 0 0 1 0 1 1 1
