bool 10 0 1 1 1 1 1 1 0 1 0
int 11 39 71 24 25 85 49 89 36 30 25 91
double 13 1.43 9.73 5.43 8.16 0.34 4.06 0.59 7.45 4.49 9.22 3.76 0.35 9.95
int 13 63 19 38 83 44 88 32 15 17 67 24 94 93
bool 14 0 0 1 0 1 1 0 0 0 0 1 0 0 1
double 14 4.98 6.55 6.36 1.64 8.69 9.8 6.26 4.86 2.05 7.92 6.17 6.04 8.44 1.61
char 14 b t q h i t h p p m e j e o
bool 15 0 0 0 0 1 1 0 1 0 1 1 1 0 0 1
double 16 7.86 6.44 5.77 4.97 7.68 1.73 9.01 9.63 5.75 7.62 3.8 0.09 6.08 2.9 7.77 5.67
char 18 i k o k s f f t p h h d r g o d p e
double 20 8.12 6.62 3.35 5.79 6.68 1.89 9.8 2.67 1.86 6.8 1.02 5.1 4.73 9.5 8.13 6.75 1.1 7.5 5.7 3.59
char 20 c s o g g m p b r b s o a r h l c m r e
double 20 3.84 4.48 2.21 7.79 4.41 9.48 5.17 8.08 2.91 2.75 8.52 9.46 9.07 4.43 0.3 8.33 6.32 4.87 1.52 8.26
bool 20 0 0 1 1 1 1 1 0 0 0 1 1 0 1 1 1 1 1 0 1
char 21 q d r s o q i m n a e e n n c t r j h l n
int 21 83 71 12 15 79 7 92 71 67 65 29 54 87 83 50 99 87 31 65 3 41
char 21 m l m n r r g f b t j h t k q f b h t r n
double 22 4.01 6.97 9.72 7.98 3.78 5.8 7.11 3.98 7.56 1.33 8.08 2.09 7.8 4.03 8.71 8.91 5.12 6.96 7.41 9.29 5.61 7.32
char 22 q n n p k c g g i h n r q p e g i n b r l q
bool 24 0 1 0 0 1 0 1 1 0 0 1 1 0 0 0 1 1 1 1 0 1 1 0 1
double 25 5.03 0.91 1.49 7.69 2.28 6.23 0.31 1.54 0.85 7.64 6.96 8.81 5.86 9.35 3.02 0.54 0.29 7.01 9.6 7.18 7.66 8.75 0.5 6.93 0.1
bool 26 0 1 0 1 0 1 1 1 0 1 0 1 0 0 1 1 1 1 1 0 1 1 0 0 0 1
double 27 0.51 7.81 9.55 9.32 7.31 9.46 0.91 0.75 8.91 1.86 3.87 5.46 8.27 6.91 2.38 0.05 6.21 4.51 4.99 8.41 3.12 0.98 0.95 2.44 3.46 6.27 0.32
bool 27 1 1 1 1 1 0 0 0 1 0 1 0 0 0 1 0 0 1 0 1 1 0 1 1 0 1 1
bool 28 1 0 1 1 0 1 1 0 1 1 1 0 1 0 0 0 0 0 1 1 0 0 0 1 0 1 1 1
bool 28 0 1 0 0 1 1 1 0 0 0 1 1 1 0 1 0 0 0 0 0 0 0 1 0 1 0 0 1
double 28 3.27 4.32 7.78 3.31 0.76 7.97 5.49 9.61 4.96 9.97 3.52 4.17 4.46 0.69 3.85 8.48 7.69 8.75 0.15 9.91 8.38 1.9 7.75 7.11 2.72 2.77 7.76 8.82
int 29 73 73 48 34 51 93 92 74 68 41 21 78 76 82 38 98 35 41 12 44 74 24 95 73 69 52 42 41 88
int 30 82 32 38 68 37 79 51 12 69 53 5 28 98 46 59 6 13 51 50 83 45 74 95 5 28 47 64 41 15 99
double 30 0.65 4.33 5.81 0.85 9.85 3.89 1.93 8.68 6.07 2.09 6.83 7.71 5.72 0.35 5.58 2.95 7.31 6.28 6.36 7.55 4.76 7.05 5.79 4.41 5.53 2.09 0.55 8.06 2.6 0.34
int 31 19 42 5 35 45 37 35 52 86 29 46 73 86 46 6 28 16 85 77 96 94 26 78 82 96 85 93 34 17 64 50
int 31 88 46 71 95 71 81 28 90 66 18 83 2 62 97 96 17 35 61 39 9 27 79 66 55 48 44 86 35 39 12 54
bool 31 0 0 0 1 0 0 1 1 0 0 0 0 0 0 0 0 1 1 1 0 1 0 1 1 1 1 1 1 1 1 1
bool 32 1 0 0 1 1 1 0 1 1 0 1 1 0 1 1 0 0 0 1 0 1 0 1 1 1 0 0 1 1 1 0 0
int 33 85 15 3 80 33 3 17 6 82 21 79 79 36 44 42 50 10 77 54 67 88 19 67 87 92 59 83 52 21 67 40 2 68
bool 34 1 1 1 1 1 1 0 0 1 0 0 0 1 1 1 0 1 0 0 0 0 0 0 1 1 0 1 1 1 0 0 0 0 0
char 35 b q k j f m l j n n p p n b i k p j c h f a h n f d q i m r o n t o a
int 37 98 20 15 6 42 20 48 77 38 94 51 95 16 10 42 63 87 82 99 57 35 93 68 42 3 35 93 41 86 86 19 52 96 91 93 53 56
char 40 o f d c k p e b k s q e h l f d e m j f d l g t g l e s s o s q d a m p n s n e
bool 44 1 1 1 0 1 1 0 1 0 1 0 1 1 0 1 0 1 1 1 1 0 0 1 1 0 1 1 1 1 0 1 1 0 1 0 1 1 0 1 1 0 0 1 0
bool 46 0 1 0 0 0 1 1 0 0 1 1 1 0 1 0 0 1 0 0 0 0 0 0 1 0 0 1 1 1 1 0 0 1 0 0 0 0 0 1 1 0 1 1 0 0 1
bool 47 0 1 1 0 0 0 0 0 1 0 0 0 0 0 1 0 1 0 0 1 0 0 1 0 0 0 1 1 0 0 0 0 0 0 1 0 1 1 1 1 0 1 1 1 0 0 1
char 49 k p b b g j k b j c q k a j b s p e e k b h d m a n h p r c r a q t h a q a e e e t p k d l l f l
bool 50 1 0 0 1 0 1 1 1 0 0 0 0 0 1 0 0 1 1 0 1 0 0 0 1 0 1 1 0 1 1 0 1 0 0 0 1 1 0 1 0 1 1 1 1 0 1 1 0 0 0
char 50 c i f c p o i e e p i h t m f g d j l e l s e t m e k t t e s r o j k r q j n c d q c a n m m q q f
double 51 3.88 1.93 0.75 4.89 8.03 9.74 1.26 9.05 4.27 2.97 0.32 7.16 1.57 0.27 5.95 4.43 6.03 3.54 4.66 7.68 4.51 7.24 6.95 0.21 1.86 5.35 3.48 9.72 8.92 5.87 0.39 3.2 9.22 5.11 4.13 9.03 0.54 1.72 3.31 1.63 8.7 8.26 1.03 3.31 4.43 2.25 3.77 0.37 5.23 9.25 8.45
int 53 31 96 3 29 93 22 19 23 86 41 30 78 49 59 58 89 30 87 45 55 30 45 86 87 95 61 64 65 64 93 28 59 82 63 23 1 96 72 60 52 32 55 98 15 89 53 79 27 40 9 81 47 87
char 58 h k d r f n d g j h o p o q d c f i d r t g f g l i e s c h h l g b k a g g r f p e o l k f d j q j c a f o k e h g
double 58 0.41 9.38 7.43 8.05 2.88 9.53 0.19 2.8 1.84 8.92 9.6 4.74 9.45 8.67 9.95 1.27 9.73 2.51 3.88 0.94 5.3 3.25 1.4 2.1 4.18 4.99 2.58 0.13 6.8 0.58 9.58 2.89 3.03 0.05 5.98 8.36 2.07 2.07 6.45 4.69 7.47 3.21 9.61 7.35 7.8 7.15 7.68 2.99 4.75 7.3 2.27 7.43 5.21 7.46 6.31 4.06 8.28 7.86
bool 59 0 1 1 1 1 0 1 1 1 0 0 0 0 0 0 0 1 0 0 1 0 1 1 1 0 0 0 0 0 0 1 0 1 1 0 0 0 0 1 1 0 0 1 0 1 0 0 0 1 1 1 0 0 0 0 1 1 1 1
bool 61 0 0 1 0 0 0 1 1 1 1 0 0 0 1 0 0 1 0 1 0 1 1 0 0 0 1 0 1 0 0 0 1 1 1 1 1 1 1 1 0 0 0 0 1 1 0 1 1 0 1 0 1 0 1 0 1 0 0 1 0 0
int 61 18 9 54 71 54 25 13 73 92 72 12 75 88 23 52 28 76 28 23 70 61 97 68 45 29 51 26 38 71 16 21 62 20 35 7 14 12 61 78 64 32 64 55 33 16 34 5 89 70 98 33 87 25 30 9 16 82 56 98 36 42
char 62 m t q c g o a d l a m l j i a i e l j o r b h m l e p t f c p d q a d f h g b f e q g o s q o t i t s a f o r i g i p f b i
char 64 l r e j t r m h d b m s q p d c f g q b t k h l h j n d n a n i r k l q r c f e a s h p q s l f e c j c k e g h d m l r f l b j
int 64 41 3 5 74 12 74 8 64 83 18 27 2 64 62 27 98 72 22 94 80 88 97 94 17 14 95 4 16 49 93 9 78 21 59 91 32 52 63 71 77 56 13 49 94 57 44 21 97 91 54 51 68 70 23 47 23 68 20 52 42 36 52 9 99
int 65 11 9 72 1 10 3 31 1 25 72 83 91 26 93 76 58 71 25 71 6 79 27 98 93 97 81 8 16 98 72 97 84 53 43 90 87 23 69 89 52 19 45 22 21 7 64 71 37 30 90 8 1 74 38 30 5 51 50 61 5 6 88 19 18 6
int 66 81 42 24 14 24 61 90 7 41 82 19 17 27 41 87 20 63 39 4 46 80 31 96 83 45 44 36 12 34 71 28 29 89 18 5 25 21 54 47 6 14 64 23 60 5 58 97 43 14 79 70 11 70 7 15 81 70 16 93 84 88 66 3 92 48 10
bool 68 1 1 0 0 0 1 1 0 1 0 0 1 0 0 1 1 1 1 0 1 0 0 1 0 1 1 1 0 0 0 1 0 1 1 1 1 0 1 1 0 0 1 1 0 1 0 0 0 0 0 0 0 1 0 1 0 1 1 0 0 1 0 1 0 0 1 1 0
bool 70 1 1 0 1 1 1 0 1 0 0 0 0 1 1 1 0 0 0 1 1 0 0 1 1 0 0 1 0 1 0 0 1 1 0 1 0 1 0 1 0 1 0 1 0 0 0 0 0 1 1 0 1 1 0 1 1 0 0 1 0 0 1 0 0 1 1 1 1 0 0
double 70 5.64 9.87 2.01 0.56 5.35 1.55 8.86 2.28 9.06 4.05 6.13 5.08 2.81 3.43 8.85 3.72 9.24 0.76 2.09 3.86 1.09 7.4 8.01 3.96 2.29 4.83 6.56 1.12 2.85 3.45 1.89 7.56 8.41 3.38 8.39 6.53 8.79 6.1 2.75 4.76 4.65 7.9 9.96 6.29 1.34 5.9 6.8 9.72 1.83 9.61 4.13 1.38 1.18 9.25 9.49 9.22 5.58 8.12 4.02 2.86 8.5 7 8.91 6.84 1.71 2.88 6.04 8.88 0.18 9.17
char 70 j a d k j n n c l d q p f s d i o b o o f c k t k e i l j o f j n e m r k l j c e i q g j n b b h d a j a p e r h m f l t q s j h m f a m b
char 71 m k k g e s r e p p s e p k a c a s l i i k b h e d k a j a j i j i n r f c p i i g p e r r p g q b p l g i d d i o h c c j c i q f p l f t l
double 71 8.61 7.65 2.32 9.67 2.23 4.67 8.87 1.22 7.26 4.1 0.27 1.9 6.57 7.06 8.23 2.35 0.29 3.86 4.59 1.75 3.01 0.02 2.01 0.21 3.03 6.1 1.47 2.19 5.6 2.67 1.84 2.41 0.5 2.16 6.98 6.02 2.18 4.79 2.1 9.12 0.97 1.35 5.39 8.96 0.03 6.3 3.82 3.88 2.86 8.65 4.38 7.28 8.46 7.52 6.86 8.33 1.71 6.13 1.53 5.63 0.46 9.7 5.8 0.29 9.17 7.41 8.28 8.16 5.63 3.95 2.17
bool 71 0 1 0 0 0 1 1 1 0 1 1 0 0 0 0 0 1 0 1 1 0 1 0 1 0 1 0 0 1 0 0 1 1 1 1 0 1 0 1 1 0 1 0 0 1 1 1 0 1 0 0 0 1 1 1 1 1 0 0 1 1 1 1 1 1 0 0 1 1 0 1
int 72 57 38 91 19 39 40 31 50 59 28 86 14 18 89 70 67 31 51 94 34 61 12 46 70 70 32 22 5 74 78 36 5 89 78 87 70 91 62 21 84 35 36 64 93 91 5 37 65 86 64 32 10 62 23 68 83 19 93 30 49 55 99 27 85 48 25 29 62 66 58 74 39
int 74 16 7 89 18 95 53 2 22 28 18 28 34 80 61 60 23 68 76 60 49 16 89 59 16 90 26 17 17 84 33 20 95 29 24 18 70 61 7 52 53 63 94 75 71 86 73 52 7 83 53 5 5 53 95 6 72 98 71 22 19 1 40 50 32 49 8 29 1 22 45 16 52 58 52
bool 74 1 0 1 1 0 1 1 0 1 1 0 1 1 0 1 1 1 0 1 1 0 1 1 1 1 0 1 1 1 0 1 0 0 1 0 0 0 0 0 1 1 0 0 1 1 1 0 1 1 0 1 1 0 0 0 1 1 0 0 0 1 0 0 0 1 0 0 1 1 1 0 0 0 1
char 75 j k s l h h t r r c d k g o n i b k k m p f l t e b j q l l t s l h i o m i r p r o j r m o e s g d j q n k r o p h g q c l e f s g f a r m o b g c s
double 76 6.77 7.71 9.47 7.05 9.64 6.49 9.5 8.48 1.62 4.58 4.75 5.69 8.05 2.92 6.57 9.94 7.81 5 6.38 9 7.66 4.15 8.31 7.7 9.52 4.79 8.9 4.74 1.3 8.75 1.76 5.04 5.62 4.54 9.04 1.31 0.15 7.41 4.28 6.05 9.36 9.68 0.65 0.93 2.5 6.11 3.63 6.84 0.51 9.01 7.31 9.83 4.97 3.67 9.19 2.19 2.89 8.83 5.41 1.93 0.04 1.87 4.57 8.24 5.76 8.54 2.69 2.47 2.81 5.41 5.21 6.76 1.5 1.22 3.34 3.18
int 76 20 89 8 83 65 99 18 59 53 25 25 77 7 29 66 91 4 31 78 94 16 14 89 84 65 60 26 56 85 91 12 84 72 83 19 21 31 83 46 14 43 26 73 2 38 55 70 66 9 37 7 2 79 60 1 46 96 82 87 31 55 41 53 85 77 83 28 98 19 18 43 90 53 7 39 66
int 77 42 73 48 4 80 92 8 59 25 1 77 60 87 30 97 67 27 26 18 91 76 88 68 97 31 89 68 14 10 12 53 11 10 93 15 13 35 67 50 62 88 26 71 46 59 81 73 10 55 34 77 90 11 88 97 6 90 37 66 74 32 39 18 77 19 34 98 28 81 7 60 21 32 83 67 31 3
int 78 38 84 52 16 58 13 16 84 61 84 31 17 29 50 93 16 53 3 32 50 70 46 70 40 29 41 31 64 42 57 87 31 20 77 24 78 35 21 74 41 90 54 51 8 29 67 76 67 38 38 59 43 62 6 6 45 66 7 23 49 43 15 2 59 67 63 9 38 79 97 41 74 91 63 58 21 60 63
double 79 9.54 2.48 2.5 8.8 7.95 0.61 7.76 0.08 7.08 8.84 4.56 2.73 2.01 3.89 0.27 1.51 0.78 5.27 1.72 5.25 1.36 7.8 8.38 4.71 2.51 0.65 4.53 7.72 9.57 7.62 1.18 8.88 7.24 4.32 6.98 6.63 1.96 2.88 9.12 5.44 8.91 9.58 7.56 9.58 2.86 8.9 0.89 5.76 1.1 5.55 8.54 4.81 8.33 4.96 2.21 1.7 0.7 0.92 9.98 4.25 9.79 8.43 5.4 9.57 7.21 2.6 6.27 1.01 0.54 1.88 5.6 3.33 3.95 9.66 2.16 2.73 5.25 7.14 1.66
int 80 41 89 76 1 97 50 48 68 13 10 23 15 95 75 16 13 72 29 99 58 99 6 27 9 25 24 49 61 24 17 63 19 7 23 14 13 98 84 17 55 99 28 92 67 86 87 40 77 59 85 83 98 20 70 79 23 21 74 95 87 25 99 79 2 15 52 33 73 83 68 64 56 13 90 46 49 17 60 13 85
char 80 o t s d o e l o h r t h l g p p e r t i e c l g r f h h e c m f d a d b j h d p a j b f k d g k b g a n p d o q i q r r k c g g b m f q a g d n b b f k g k j p
double 81 7.56 5.52 8.26 4.38 4.3 3.04 7.24 8.97 9.78 7.54 7.06 4.18 5.33 3.54 6.93 0.95 2.52 5.73 5.92 2.81 8.38 3.61 4.3 2.21 3.91 6.56 8.18 8.15 7.38 1.82 1.3 3.5 1.47 1.67 6.07 9.98 0.51 8.56 6.5 1.99 6.61 2.12 0.51 3.73 8.61 1 9.46 8.95 0.27 2.08 8.27 1.15 8.22 2.01 1.46 1.65 3.34 0.31 7.16 4.54 3.57 3.41 7.92 8.64 0.08 5.26 7.22 0.25 5.01 5.23 2.04 4.1 3.45 8.09 4.01 7.84 8.59 7.52 5.42 7.52 3.72
char 84 a t s a b g p b i p f o e o i e h r l g n q s a j g m o f h a k h m j d e a k t h j l t q a c g j p m p a j i g t s d c m t g e k s s j a a a q j i r h t j r k s e c c
double 88 1.28 3.01 3.32 5.44 2.36 8.67 8.04 9.8 6.14 6.78 3.34 6.5 4.43 9.63 4.71 5.37 8.01 8.15 7.37 4.25 3.44 6.16 7.79 3.3 8.52 3.88 6.84 4.37 3.4 3.18 5.9 4.69 3.8 9.77 0.17 7.91 0.46 7.19 5.07 3.61 4.65 9.36 3.8 4.72 4.83 7.45 9.41 4.64 8.23 4.38 5.41 4.98 2.06 6.78 7.64 9.98 6.13 0.02 2.69 3.92 5.73 8.36 8.93 5.44 9.18 7.18 8.48 0.8 7.38 9.25 5.87 8.86 4.32 0.87 1.33 3.9 6.57 6.05 3.77 4.3 4.34 7.92 3.17 9.3 0.95 3.1 9.5 5.29
double 88 9.75 3.16 7.14 0.63 0.12 5.72 9.67 2.04 1.99 6.46 8.45 9.87 8.25 9.84 7.25 2.77 4.76 2.48 9.89 8.35 9.47 4.9 2.85 4.8 5.29 5.44 9.02 7.44 6.94 5.86 5.03 3.43 1.42 4.72 9.7 7.06 8.67 6.24 3.82 7.66 8.14 3.96 8.25 2.14 8.21 5.42 4.79 6.4 6.06 4.89 8.16 9.62 1.11 2.93 3.85 8.28 6.96 5.09 1.09 0.1 8.24 8.78 5.32 6.86 5.32 2.88 2.93 6.49 9.65 3.95 1.69 0.44 0.59 9.43 1.92 7.72 8.18 7.47 2.94 9.28 9.71 1.15 9.73 2.86 4.9 0.64 0.96 8.42
int 89 6 31 37 90 99 72 15 34 24 74 93 68 78 37 55 20 8 72 93 11 37 8 30 4 77 18 59 68 51 52 17 75 68 33 56 47 18 68 69 71 8 7 24 3 31 64 6 84 12 22 8 46 61 81 76 10 46 22 54 1 50 39 65 1 2 57 39 96 36 50 10 34 46 11 47 38 40 7 50 68 88 97 74 11 27 3 59 11 31
char 89 o q b f s p o i m g h k j m b c g j k r g d s q c g q f p s m a n c p b c j g c b p o r o f k p f q e f s b t o p b h p k m n g p p o t t o f h h k o e r j h t f b f p i b s h t
int 90 97 85 80 27 21 52 48 87 71 39 80 23 97 9 48 78 66 64 86 7 19 86 61 80 3 59 2 14 87 36 16 11 7 44 46 55 80 1 27 31 54 2 93 99 97 85 50 93 52 28 50 89 2 82 57 17 9 51 54 53 91 84 56 24 56 80 6 28 79 39 92 72 8 8 72 21 61 35 69 93 55 57 74 65 13 24 73 26 86 8
int 92 26 90 32 53 2 87 77 93 71 1 64 58 82 57 63 27 48 63 95 38 69 58 69 62 90 32 70 67 86 20 26 53 73 18 35 76 68 88 91 30 82 23 28 34 89 40 79 17 19 73 21 85 82 68 29 46 94 46 69 94 31 1 82 5 94 85 1 15 62 76 60 8 1 88 78 98 77 50 59 2 65 62 82 34 86 34 6 24 2 67 69 21
bool 92 0 1 0 1 0 1 0 0 0 1 1 1 1 0 0 1 0 0 0 0 1 0 1 1 0 0 1 1 1 1 0 0 0 0 1 1 1 0 1 0 1 0 0 0 1 0 0 1 0 1 1 1 0 0 1 0 0 0 0 0 0 0 0 0 1 1 0 1 1 0 1 0 1 0 1 0 1 1 0 1 1 0 1 1 0 0 0 1 0 1 1 0
char 93 m r i n o i p k k t o t c j t k h f i p e h j p t m g s h o s n n g d s i c s i l a f f k o m c s k j g f c o p n r g h l f o i n d n k f s r d b d a n t c d g n e b q c q c s l g f f e
bool 94 0 1 0 0 0 0 1 1 1 1 1 0 0 0 1 1 0 0 1 1 1 0 0 1 1 0 1 0 1 1 0 1 1 1 0 1 1 1 1 0 1 1 1 1 1 0 1 1 0 0 0 1 0 0 0 1 0 0 1 1 1 1 1 0 0 1 1 0 1 0 0 1 0 0 1 1 0 1 0 1 1 1 1 1 1 0 1 0 0 1 1 1 0 1
int 95 63 71 47 6 4 47 20 9 37 68 91 31 8 51 99 52 5 35 73 65 49 63 39 97 25 70 29 85 21 43 97 48 59 46 62 98 74 86 73 1 29 27 27 72 32 52 18 65 40 1 23 70 68 33 53 61 75 10 4 62 21 7 42 86 80 61 87 30 98 11 81 74 20 45 34 15 85 6 49 70 24 8 76 70 19 13 92 87 1 29 1 15 94 12 40
char 95 e a k b k r r n n n t g t j n a f f j q g d c p g h c f k j e g o c i g j p e c c j s q j e d l c j a m g l t b h g c o o s f g l e e a s j f i s m c a l j e r r c s c e p l b m m l b c h o
double 96 5.49 5.17 7.68 6.52 8.76 4.58 8.1 4.24 1.98 0.72 6.01 1.36 1.16 3.19 7.32 5.45 3.65 8.28 4.27 3.81 3.42 8.78 7.53 8.43 5.33 1.17 6.45 0.66 2.86 4.32 4.02 4.41 5 8.36 4 0.54 8.06 6.34 4.77 3.03 7.53 4.65 4.39 1.87 7.44 3.09 0.31 4.59 9.94 7.16 4.6 1.87 5.48 3.08 4.6 7.69 7.16 6.75 3.75 7.31 1.12 1.52 4.32 8.85 5 5.59 0.29 3.29 6.09 4.14 6.44 4.87 4.58 2.55 1.27 6.18 0.05 4.79 1.87 3.62 1.06 7.32 8.05 3.07 4.38 7.95 6.48 0.96 8.9 8.78 8.72 2.1 7.09 5.86 9.47 1.11
bool 97 1 1 0 0 1 1 1 1 0 1 1 0 0 1 0 0 0 1 1 0 1 1 1 1 0 0 1 0 1 1 1 0 0 1 0 1 0 1 1 0 0 0 1 1 0 1 1 0 0 1 0 0 0 1 0 0 0 0 1 0 1 0 1 0 0 1 1 1 1 1 0 0 1 1 0 1 1 0 0 1 0 0 0 1 0 0 1 1 1 1 1 0 1 1 1 0 1
int 98 24 69 22 5 56 33 61 16 84 12 9 34 42 76 54 16 93 91 3 93 77 27 47 98 47 71 96 76 66 34 75 67 20 81 96 12 21 82 27 38 98 39 33 32 95 51 61 21 11 40 89 41 50 64 82 33 11 43 18 43 37 15 33 87 21 1 41 85 74 31 9 45 5 86 39 62 42 35 93 56 35 63 42 52 31 99 55 93 10 59 61 86 61 81 6 93 76 52
char 98 c q c m d j g r l s k i d o a s l p j j l g n t b l l s o p i s l o n n r q b i s l k k d k m t o t f g r g n e a d d f b g q b l g g c b q q h o f g h d h s h e d j i n d j h m q o n i g g s o n
double 103 7.19 9.4 7.98 1.05 8.83 5.22 5.66 5.08 6.77 8.69 2.16 8.7 9.46 3.36 3.17 6.82 9.78 0.93 8.55 7.37 7.75 9.09 9.65 8.86 5.04 4.54 9.91 7.9 2.98 5.96 6.48 7.05 8.02 4.32 9.23 8.59 0.61 7.56 1.25 3.57 8.6 8 1.65 1.51 3.88 0.71 2.66 3.91 0.01 9.77 3.46 5.88 0.83 6.58 1.05 6.87 0.41 1.78 7.25 8.77 6.15 2.42 2.8 2.41 3.8 1.61 9.49 1.98 7.96 1.24 9.06 1.53 1.85 7.43 3.27 1.29 0.56 9.81 0.92 8.7 8.6 0.6 7.55 2.64 3.72 4.54 4.07 2.74 6.5 9.73 9.14 7.26 8.11 5.62 6.82 0.74 7.8 6.57 4.87 1.12 1.22 4.64 8.84
int 105 21 81 87 45 99 24 76 8 97 69 79 64 16 33 44 17 87 36 94 5 1 50 75 81 26 19 5 92 74 48 63 67 88 83 22 39 65 77 1 33 3 23 23 80 57 47 93 54 77 39 7 92 52 26 86 27 5 33 84 83 74 93 97 80 24 58 51 68 94 46 18 26 96 21 33 66 45 38 41 89 36 89 17 54 21 68 58 91 94 70 20 70 71 42 55 23 76 88 87 73 84 87 62 3 76
double 105 6.68 6.32 8.29 9.08 1.52 8.61 8.17 5.86 4.85 0.55 2.27 3.22 2.58 6.27 5.44 8.87 3.42 3.91 6.46 7.27 8.6 3.13 1.1 2.11 3.47 9.74 9.04 8.16 1.69 3.78 1.38 3.88 5.36 0.75 5.35 6.1 0.04 9.29 1.77 3.41 5.45 6.26 8.42 6.41 2.11 5.28 7.32 4.68 8.64 8.77 1.04 4.29 9.83 4.63 8.59 0.1 0.77 6.55 6.99 0.57 1.62 7.11 8.87 0.13 0.84 9.01 2.29 9.87 6.73 6.92 4.12 6.08 7.98 3.78 0.15 1.04 7.45 6.64 4.68 4.84 4.21 3.56 5.49 0.91 6.18 4.34 1.98 9.05 5.74 1.95 0.31 5.54 0.16 5.54 5.18 2.08 5.5 2.39 0.8 0.77 8.09 7.9 8.28 6.3 1.65
int 106 54 4 40 60 88 37 38 16 93 7 15 76 59 74 91 76 31 12 48 31 54 26 66 85 24 18 29 11 55 65 67 36 55 29 15 84 12 40 11 27 75 53 88 68 96 20 90 19 7 26 32 27 92 48 67 58 67 18 97 32 51 77 6 7 10 2 8 48 57 36 10 30 12 95 78 6 52 39 56 65 77 93 22 44 96 9 1 90 63 43 47 60 84 3 75 17 94 82 63 79 29 57 45 48 89 81
double 107 9.97 4.3 8.64 9.03 3.05 3.36 2.7 6.68 5.84 9.54 8.93 3.43 5.13 9.99 3.56 5.55 1.71 8.93 8.34 0.03 7.58 1.61 4.73 7.24 9.32 8.24 5.26 2.75 6.75 5.76 6.11 5.18 3.45 7.07 0.24 1.3 0.98 4.37 5.73 2.56 4.18 1.43 6.32 5 2.99 5.76 4.69 0.6 7.4 8.04 7.87 0.72 9.07 2.97 3.3 9.27 9.88 3.02 0.1 3.3 0.71 8.39 9.12 4.44 6.29 1.06 3.69 4.49 5.06 0.94 8.93 2.12 1.26 7.63 6.35 0.4 0.03 2.07 8.01 2.5 2.57 8.26 8.79 8.9 7.35 9.93 7.26 1.41 6.46 4.59 0.56 8.89 2.29 1.03 4.71 2.99 0.57 6.28 0.24 7.74 4.62 6.89 2.32 7.62 5.25 6.78 4.66
int 108 56 56 44 50 35 26 81 25 22 80 19 79 28 91 55 53 59 17 74 43 96 12 8 71 31 83 79 13 9 41 30 14 62 89 5 11 15 27 45 66 63 36 20 51 8 62 90 29 99 26 49 42 41 73 18 50 47 90 93 92 93 2 12 37 79 32 65 29 2 57 7 57 91 89 4 22 54 66 17 18 13 44 58 38 81 90 68 92 83 52 32 41 74 56 45 98 39 32 23 60 61 25 2 86 66 22 12 3
char 108 p a a i o a p j k t l f l g c g b f l a l b q r k p l h m n r c a l g d f t r o s b m e a j t h t a g p m s m n m k d m e h e o p r p t d c q j q f j o o g d l g l h g l n e q n p p c t t a p h a i i q o a a h d c s
int 108 89 50 37 59 71 41 42 6 80 6 99 11 90 66 39 87 38 90 7 17 84 66 60 43 89 49 93 88 59 8 60 47 4 93 6 29 26 31 75 42 13 3 83 42 66 74 94 28 47 31 59 48 7 17 73 34 76 24 66 23 69 77 71 73 87 19 4 49 53 28 16 21 6 90 97 42 19 27 22 37 80 15 7 84 43 42 98 14 16 6 34 43 24 95 62 34 46 31 45 29 61 21 5 98 63 46 4 52
