char 11 t h f q f d a e i p p
double 12 3.94 1.32 4.92 0.77 9.28 3.3 9.27 8.68 1.94 2.56 3.02 6
bool 12 1 0 1 0 1 0 0 0 0 0 0 1
double 12 2.72 6.22 7.86 7.86 3.87 2.64 9.73 7.1 8.23 6.67 2.08 8.6
double 13 0.99 4.37 1.74 6.19 2.09 0.67 4.48 3.59 0.45 9.97 4.43 0.87 7.99
int 14 28 21 34 92 32 63 76 40 24 10 17 19 22 8
bool 14 1 1 1 0 1 1 1 1 1 0 0 1 0 1
double 18 0.06 4.76 8.08 0.02 8.5 9.15 5.75 4.53 9.22 9.29 3.03 4.09 8.92 0.78 7.26 1.23 9.82 1.71
char 19 d r q c j s f j c p f t l b o o c g d
int 20 53 56 45 45 1 27 42 77 94 46 84 27 56 68 36 14 85 60 60 98
int 22 26 43 74 27 3 71 1 22 4 94 63 68 55 5 15 79 92 44 40 71 86 14
double 23 1.99 1.05 5.2 3.64 1.45 4.89 4.7 8.44 1.13 7.92 6.3 1.69 8.97 6.01 3.87 7.93 2.51 5.27 2.94 2.13 1.62 9.82 6.09
char 23 k k n n i i n c l a f p b e o h i i f i s o d
double 25 5.03 0.91 1.49 7.69 2.28 6.23 0.31 1.54 0.85 7.64 6.96 8.81 5.86 9.35 3.02 0.54 0.29 7.01 9.6 7.18 7.66 8.75 0.5 6.93 0.1
char 25 b t e c k r i l d e m f s m h r p h b c r e i n p
int 25 15 59 31 80 95 46 63 17 78 32 50 56 9 45 49 77 86 44 27 14 46 78 15 24 27
double 27 4.92 8.73 8.03 2.64 6.51 1.26 7.08 7.05 9.72 1.42 5.88 4.42 7.65 2.99 2.74 2 9.09 1.69 9.82 0.57 1.85 4.01 3.43 5.87 5.26 4.13 8.67
bool 29 0 0 1 1 0 1 1 0 0 0 0 0 1 0 0 0 0 0 0 1 1 0 1 1 0 1 1 0 1
bool 30 1 0 0 0 1 0 1 0 0 0 0 1 0 1 1 1 0 0 1 0 0 1 1 1 1 1 0 0 0 1
int 30 82 32 38 68 37 79 51 12 69 53 5 28 98 46 59 6 13 51 50 83 45 74 95 5 28 47 64 41 15 99
int 31 30 36 72 59 93 5 36 47 28 15 7 40 66 59 15 96 63 34 30 63 57 39 58 49 15 18 93 98 48 42 87
bool 31 0 0 1 1 0 1 1 1 1 1 0 1 0 0 1 1 0 1 1 1 0 1 0 0 1 0 0 1 1 0 1
int 33 85 15 3 80 33 3 17 6 82 21 79 79 36 44 42 50 10 77 54 67 88 19 67 87 92 59 83 52 21 67 40 2 68
bool 33 0 1 0 1 0 1 0 1 1 0 1 1 0 1 1 1 0 0 0 1 1 0 0 1 0 0 0 0 1 1 1 0 0
bool 36 1 1 0 1 0 1 0 1 1 1 1 0 0 0 1 0 0 1 0 0 0 1 0 0 1 0 1 0 1 0 0 0 1 0 0 0
char 38 p a l j n r q o a i j m k p d d t q o b r c s f s k f j t q s r p j h l r q
int 38 26 69 25 9 8 8 13 70 77 43 44 27 90 66 74 88 10 64 18 89 62 15 13 82 80 47 85 9 4 69 78 59 52 39 25 64 17 2
double 38 8.37 1.62 5.84 0.79 9.45 9.23 0.27 0.2 6.85 2.27 7.4 1 1.06 0.35 6.18 3.51 6.53 9.3 8.5 8.61 4.58 3.75 1.62 5.48 3.54 3.24 7.88 6.35 4.26 2.53 8.07 0.15 9.03 4.52 4.93 3.42 9.65 2.74
char 39 n s g j p m b e h b h r h l d l r c n j s i k h p c p i r o o b h s e l n e o
char 40 o f d c k p e b k s q e h l f d e m j f d l g t g l e s s o s q d a m p n s n e
int 41 27 8 89 66 22 10 51 42 15 54 21 35 88 58 34 35 64 54 86 6 50 50 26 36 10 12 42 91 77 56 81 76 59 61 14 97 52 81 28 78 16
int 41 4 56 30 74 20 88 90 4 70 99 92 46 10 38 31 98 75 48 81 48 72 52 70 58 78 24 54 39 79 93 62 5 73 46 24 33 24 64 34 16 29
char 41 s d m e b b q r l p e c d b h o n k j f b f e d b e e a k g j b i m s f d r l m f
double 42 2.4 4.34 6.24 5.12 2.95 0.75 0.45 7.41 0.45 5.05 8.95 6.43 6.66 6.25 6.66 7.54 5.35 7.77 3 3.91 0.16 6.15 2.41 6.05 7.24 2.2 8.11 8.35 1.37 4.87 0.3 8.85 7.41 1.21 7.69 6.75 9.72 6.01 1.5 0.33 3.75 0.26
double 43 3.76 6.93 5.11 1.1 1.42 5.78 4.45 6.9 0.92 3.76 3.84 0.95 0.7 2.23 9.24 6.08 9.84 0.06 6.3 0.94 0.96 2.16 8.57 4.98 4.68 1.45 8.31 2.52 6.26 4.53 7.95 4.79 9.47 5.8 0.16 6.8 9.61 8.55 3.78 8.95 8.99 8.57 9.99
bool 44 1 0 0 0 1 1 0 0 1 0 0 1 1 0 1 1 1 1 1 0 1 1 0 0 0 1 0 1 1 0 0 1 0 1 1 1 0 1 1 1 1 0 0 0
int 45 38 57 90 4 62 45 64 25 4 12 70 93 97 57 62 34 66 94 47 8 88 43 12 97 34 17 61 14 51 83 12 88 69 65 90 97 9 55 31 45 27 29 72 35 83
bool 46 0 1 0 0 1 1 0 1 0 1 0 1 0 0 0 1 1 0 0 1 1 1 0 0 0 0 0 0 0 0 1 1 0 1 1 0 0 1 0 0 0 1 0 1 0 1
int 46 85 29 77 56 48 34 44 38 22 63 14 33 40 87 83 18 17 69 35 13 81 18 52 34 33 32 73 34 56 96 75 18 20 86 93 74 58 30 67 16 94 29 99 56 82 52
char 48 g l m l d h c d t b r e k r g b c f t a i e d j h g p n b g g j l r l b b m p l r r a q a s b t
bool 48 1 0 0 0 0 1 0 1 0 0 0 0 0 0 1 1 0 1 0 0 1 1 1 1 1 0 0 1 0 1 1 1 1 1 1 1 1 1 1 1 1 1 0 0 0 1 0 0
char 49 a q n d o n r p k c g s m l g g m a i r n s c a m s k b g d t i d b j i j s j d o a c h g h i p j
int 49 96 43 74 15 19 45 55 19 73 48 75 69 72 47 39 84 4 46 92 51 23 74 16 20 5 29 39 95 5 24 84 1 65 7 84 92 25 70 27 77 52 32 34 27 40 47 36 53 23
int 52 5 82 2 6 42 62 45 82 73 44 59 93 18 13 95 13 8 54 16 64 26 3 91 7 20 53 78 9 56 93 61 74 92 81 20 27 99 17 30 87 68 69 51 92 72 44 10 94 76 2 1 83
bool 53 1 0 0 0 0 1 0 0 0 1 1 1 0 0 0 1 1 0 1 0 0 1 1 0 0 1 0 0 1 1 1 0 1 0 0 1 0 1 0 1 1 1 1 1 1 1 1 0 1 1 0 1 0
int 54 21 11 6 88 16 83 80 1 5 72 80 86 36 24 6 75 56 71 42 81 12 46 67 52 50 80 68 99 33 20 27 18 37 47 60 80 36 15 67 64 3 53 48 68 86 50 13 34 12 47 13 70 38 35
int 54 13 12 21 73 92 11 4 49 36 49 26 87 36 66 74 33 28 35 71 25 11 15 51 7 58 25 58 39 73 16 69 42 12 71 74 56 72 35 75 89 58 62 90 51 25 32 53 98 2 63 79 65 82 62
bool 54 0 0 0 1 1 1 0 1 0 1 1 0 1 0 0 1 0 0 1 1 0 1 0 0 1 0 0 1 0 1 0 0 1 1 1 1 0 1 1 1 0 1 1 1 0 0 0 1 1 0 0 1 0 0
char 54 a r o a m h k p p g l d p k l g q a c d e p i g l j r h j k t n o b s k b l o q e o m n h h n e f g l k o a
double 54 3.64 3.55 9.06 7.82 2 0.22 0.17 6.27 4 5.14 3.26 6.01 6.79 8.33 4.74 8.27 5.3 5.33 6.22 2.24 9.57 2.58 9.82 4.48 0.37 1.53 0.02 8.59 0.32 5.33 6.93 7.15 3.55 4.43 1 7.87 9.59 0.84 8.64 9.76 8.07 9.92 5.67 8.45 9.46 2.97 4.52 3.95 4.21 9.16 2.13 6.12 9.15 1.09
char 55 a r c g c a i f l c i b e c n n c b f f j c a d q k t j e f t d m g a j e g l q f h p d d g l n q d m j g r i
bool 55 1 1 1 1 0 1 1 0 0 0 0 0 1 1 0 1 1 0 1 1 1 1 1 0 0 0 0 1 0 1 1 0 0 0 1 0 0 0 1 1 0 1 0 0 1 1 1 1 1 1 1 1 0 0 1
double 57 1.83 7.02 4.8 4.41 3.49 9.45 4.2 4.2 2.9 8.15 5.53 9.52 1.2 7.76 7.72 8.82 0.57 7.44 6.87 7.42 3.33 2.2 8.84 1.45 7.44 4.67 7.27 4.58 0.24 7.79 6.52 1.85 6.12 5.85 1.96 3.44 6.37 0.91 3.96 7.86 6.79 9.15 0.84 7.91 4.09 8.99 3.19 9.53 5.06 5.77 6.07 8.41 0.84 3.36 6.76 0.47 4.08
int 57 88 97 29 65 51 69 3 81 66 88 96 5 28 5 80 79 63 88 44 72 55 45 33 37 26 77 41 45 89 31 45 49 3 74 13 77 3 74 32 64 25 59 94 39 58 67 77 99 58 23 1 88 66 25 21 32 96
double 58 0.41 9.38 7.43 8.05 2.88 9.53 0.19 2.8 1.84 8.92 9.6 4.74 9.45 8.67 9.95 1.27 9.73 2.51 3.88 0.94 5.3 3.25 1.4 2.1 4.18 4.99 2.58 0.13 6.8 0.58 9.58 2.89 3.03 0.05 5.98 8.36 2.07 2.07 6.45 4.69 7.47 3.21 9.61 7.35 7.8 7.15 7.68 2.99 4.75 7.3 2.27 7.43 5.21 7.46 6.31 4.06 8.28 7.86
bool 58 0 1 1 0 1 1 0 0 1 0 0 1 1 0 1 1 0 0 1 0 1 0 0 0 0 1 1 1 1 0 0 1 1 1 1 1 1 1 1 0 0 1 1 0 0 0 0 1 1 0 1 1 0 0 1 0 0 0
bool 59 1 1 1 0 1 1 1 1 0 0 0 0 1 1 1 1 0 1 1 0 1 1 1 1 0 0 1 0 1 1 1 1 0 0 1 1 1 0 1 1 1 1 1 1 0 0 0 0 0 1 0 1 1 1 1 1 1 1 0
double 62 7.19 9.57 9.72 7.65 4.68 8.79 0.05 9.25 0.83 8.07 8.85 0.33 1.93 6.49 7.09 2.87 8.17 6.76 6.06 8.04 2.59 5.91 1.43 9 7.44 4.28 7.54 6.02 9.75 1.64 6.14 6.46 1.08 5.02 5.12 4.14 6.14 3.21 0.78 2.23 6.42 9.49 6.12 4.23 0.17 2.91 8.38 5.51 7.01 4.34 4.16 9.52 8.13 7.7 7.66 1.03 1.29 0.51 4.1 1.96 6.95 2.58
char 64 n i a n p r h r m n a s f p d o p o c c d q t m m k c r c h t p q m k k o r l h g p b h r n c m r g s h r t b d t f i d s h g d
double 66 7.6 9.39 6.87 8.64 8.62 7.67 0.18 5.51 3.77 1.14 9.43 0.52 8.13 6.13 5.64 9.7 6.44 0.45 0.12 5.14 6.37 5.82 2.55 5.52 0.73 9.41 3.46 3.66 3.39 5.23 2.84 9.09 4.86 2.21 6.09 6.08 2.57 0.42 6.07 5.87 0.39 8.47 8.96 4.67 7.06 3.36 1.56 5.65 3.14 9.21 7.27 4.96 3.65 4.05 6.13 2.22 3.58 7.42 4.67 7.84 3.84 2.77 7.46 6.83 6.93 4.18
bool 67 0 0 0 1 1 1 1 1 1 0 0 0 1 1 1 0 0 0 0 1 0 0 0 0 1 0 0 1 0 1 1 1 1 1 1 1 0 1 1 0 1 0 0 1 1 0 0 0 1 0 0 1 0 0 1 1 0 0 1 0 1 1 1 1 0 1 1
int 68 96 95 63 9 32 65 91 53 20 20 12 20 72 34 18 97 47 53 64 70 19 14 9 95 44 96 8 1 59 2 6 48 47 70 23 43 18 89 47 47 87 79 18 8 8 17 57 99 91 24 51 70 61 68 53 2 9 63 38 92 85 48 62 33 21 65 84 62
char 68 s j j c g p l i h c l h j k a r b t q m q g i o a h o c e n t n a t e q p i r t q h p s p n f m l m r g p s j d m b s i t a f a p o h t
bool 68 1 1 0 0 0 1 1 0 1 0 0 1 0 0 1 1 1 1 0 1 0 0 1 0 1 1 1 0 0 0 1 0 1 1 1 1 0 1 1 0 0 1 1 0 1 0 0 0 0 0 0 0 1 0 1 0 1 1 0 0 1 0 1 0 0 1 1 0
char 70 o i a p t m r h q c k q j c r b c n g m m o b a l p s a j f g h r k g l k n f k s c e j h j t g t n i a b l c b h f d f q l g l a e d n a d
int 70 20 11 77 52 25 55 66 53 70 24 32 55 91 82 54 89 71 32 80 78 45 84 98 76 81 33 9 95 3 78 84 69 79 51 98 95 2 39 90 8 20 77 19 45 76 63 9 12 3 42 7 75 4 72 97 34 71 70 63 43 64 9 71 12 91 40 14 28 62 17
int 70 74 82 60 51 91 42 15 40 9 23 90 26 46 15 23 46 36 17 24 90 89 42 39 56 17 29 80 85 54 52 80 25 20 83 49 3 41 47 72 5 62 93 85 98 17 53 63 49 63 73 57 81 48 3 7 50 22 84 88 89 44 92 80 56 98 27 78 96 63 25
double 71 8.61 7.65 2.32 9.67 2.23 4.67 8.87 1.22 7.26 4.1 0.27 1.9 6.57 7.06 8.23 2.35 0.29 3.86 4.59 1.75 3.01 0.02 2.01 0.21 3.03 6.1 1.47 2.19 5.6 2.67 1.84 2.41 0.5 2.16 6.98 6.02 2.18 4.79 2.1 9.12 0.97 1.35 5.39 8.96 0.03 6.3 3.82 3.88 2.86 8.65 4.38 7.28 8.46 7.52 6.86 8.33 1.71 6.13 1.53 5.63 0.46 9.7 5.8 0.29 9.17 7.41 8.28 8.16 5.63 3.95 2.17
int 73 4 40 51 17 54 11 50 63 56 38 60 39 71 95 93 67 33 84 84 16 80 79 44 27 87 61 29 36 80 6 37 30 69 94 75 83 38 14 67 76 91 78 27 80 84 47 27 69 21 4 39 96 60 70 74 20 78 13 80 5 6 80 3 52 38 62 47 63 17 38 56 9 50
char 75 o r j t r m p a m j t r t q r e j j n o q h s o i r a c e n o f k k g g b c m k e c m b r p s s m h k i t g r c t f j m b o o e e f j r m b r h j j c
bool 77 1 1 1 0 0 1 1 0 1 0 1 0 0 1 1 0 0 0 0 0 0 0 1 0 0 0 0 0 1 0 1 0 1 1 1 0 1 0 0 0 1 0 0 0 0 1 1 1 0 1 0 0 0 1 0 1 1 0 0 1 1 0 0 0 0 0 1 1 1 1 0 0 1 1 0 0 0
bool 77 0 0 0 1 0 0 0 0 1 1 0 1 1 0 1 0 1 0 0 0 0 0 1 0 0 0 0 1 0 1 0 1 1 1 0 0 1 1 0 0 0 0 0 0 1 1 1 1 0 1 1 0 0 1 0 0 1 0 0 0 1 1 1 1 1 0 1 1 1 1 1 1 0 1 0 1 1
char 78 m f r a q f g g s i b o r o j d l o l e o d q p i p a b g q b a l b b h s l l f k h o n a d t a b m n l j i a e h m e b m d j s f a p t o t g g c t k j j q
bool 78 1 0 1 1 0 1 0 0 1 0 1 0 1 1 1 0 0 1 0 1 1 0 0 1 1 0 1 1 1 0 1 1 0 1 0 0 1 1 1 0 0 0 1 0 0 0 0 1 1 0 0 0 1 0 1 1 1 1 0 1 0 0 1 0 1 1 1 0 0 1 0 1 0 0 0 0 1 0
int 80 11 2 60 88 53 6 17 35 10 93 88 95 68 8 46 43 12 20 88 7 80 3 31 13 81 21 95 22 56 25 36 7 6 50 22 14 96 98 48 26 88 4 28 22 74 17 80 38 89 6 16 97 17 38 61 88 90 33 68 45 99 19 72 88 38 58 30 34 44 4 84 32 45 60 35 93 17 98 48 66
bool 81 0 0 1 0 0 1 1 0 1 1 0 1 0 1 0 1 0 1 1 0 1 1 0 0 0 0 1 0 0 0 0 1 0 1 1 1 1 1 1 0 0 0 0 0 1 0 0 1 1 1 0 1 1 1 1 1 0 0 1 1 0 1 1 0 0 1 0 0 0 1 0 0 0 1 0 1 1 1 0 0 0
char 82 i k m j o p r q q n n b m j a b e m a d k c m a f f s l c p n m g l q q q r a i p r s e s r g p d d l t b h n j r t a t j g l t c m f h i s s s b m r i n t n b f k
char 87 e a t s o q k o k g o q o t i j o p b e c c d n b j o s c e i t a c n f m l c s j b g a b j i h k d h d p r j s j g f a n j s l a r l d p p l p g h f l g h r t l r g n q b q
double 87 7.12 0.09 3.32 2.84 7.33 0.98 6.76 6.62 8.3 5.27 5.92 4.89 6.71 9.71 0.97 3.77 7.04 3.17 6.7 9.68 6.56 4 1.24 6.23 2.76 8.82 7.37 7.17 4.79 7.3 8.96 2.4 3.58 1.45 7.33 1.15 7.18 1.45 3.3 1.3 6.93 8.71 7.62 8.88 8.68 6.71 7.39 5.42 8.12 5.82 0.61 0.53 4 9.52 8.5 5.54 5.95 3.06 6.73 2.54 4.28 6.74 0.64 9.28 5.43 0.67 2.45 3.13 6.82 5.65 2.39 4.78 2.42 0.04 4.61 1.92 5.86 6.1 0.8 6.71 8.43 2.3 9.79 4.12 4.25 0.04 7.95
int 91 10 45 42 4 11 44 18 70 21 88 43 15 19 23 72 18 56 6 11 65 11 97 26 92 94 30 96 77 84 14 73 19 34 69 55 48 7 53 66 46 27 74 95 57 65 60 25 34 80 36 2 43 27 64 96 67 17 31 59 39 67 72 76 85 99 99 8 8 92 72 27 61 90 80 65 27 49 41 61 41 34 10 84 67 11 11 73 17 61 54 89
bool 91 1 1 1 0 0 1 0 1 1 0 0 0 1 1 1 0 0 1 1 1 1 0 1 1 1 1 0 0 1 0 1 1 1 1 1 1 1 0 0 1 1 0 1 0 0 1 1 1 1 0 1 0 0 0 1 1 0 0 1 0 1 1 1 0 1 0 0 0 0 0 0 1 1 0 0 0 1 1 0 0 1 1 1 1 1 1 1 1 0 1 1
bool 91 1 0 0 1 1 0 1 0 1 0 0 1 0 0 1 1 0 1 0 0 1 1 1 0 1 1 0 0 1 1 0 0 0 1 1 0 0 1 0 1 0 0 1 1 0 1 1 0 1 1 0 1 0 1 1 1 0 0 1 0 0 0 0 1 1 1 0 1 0 1 1 1 1 1 1 1 1 0 0 0 1 1 1 0 1 0 1 1 1 0 0
char 92 c m k l h f n h g j k t c o o m i s f f e l e a p a p d l g f b s p p p b p s k b p p q d e j b p p p a f q j f q n e g k r n h n b c s o n d c j i k k b m e o o t a q d r i d o j i h
double 93 8.04 7.68 4.04 1.96 5.83 6.46 0.44 3.45 8.94 4.88 9.46 8.97 2.34 4.64 5.68 9.33 2.24 6.48 4.66 3.61 3.66 1.42 3.68 4.57 3.23 4.71 3.34 1.41 8.68 1.6 8.89 8.67 7.92 2.66 1.06 3.98 2 9.11 4.11 6.92 7.21 2.93 5.2 0.47 5.05 2.61 0.11 9.76 0.29 4.86 5.66 9.96 2.38 3.32 1.45 8.84 1.2 0.44 5.32 7.87 8.61 6.84 5.26 3.38 4.13 9.84 0.16 9.85 7.15 9.3 2.36 3.98 0.31 7.28 7.82 6.35 3.52 3.06 6.33 0.05 1.77 3.8 8.75 1.27 4.73 6.45 3.9 9.81 3.51 7.36 5.7 6.26 9.34
char 94 a k c m j f r j t b m r q c b m n l i i p k f l s k e s a p i n h m r b l c o n t n a i s l t l f a e f m n s q t t h i n m e p b l k h e c r p h h c b i k f h m i d d k g a j d c l c o o
char 95 i q j r f c g t t f j p j c r l p c c s c c l d d n e h m t d e p g b a e n f b t i r i m m r g k g p f a p l c m c t b p f t b k p a c a t s p d a a c c b q j f g c e n j a o k r p s i e h
double 96 0.92 8.64 5.94 3.58 4.76 6.65 9.61 1.89 4.46 1.48 8.49 9.08 5.12 1.29 0.03 9.64 1.26 6.21 7.76 1.19 2.07 1.22 1.69 4.5 1.77 0.85 8.58 7.08 1.61 9.6 6.87 0.95 0.64 1.04 5.66 1.81 9.71 3.48 2.12 5.49 7.25 8.79 8.8 1.27 9.58 8.1 2.46 6.93 0.25 6.55 8.16 6.62 9.38 3.75 5.18 7.41 5.33 6.19 5.12 5.25 0.58 5.24 0.35 2.2 1.78 0.5 3.53 4.72 0.03 4.48 3.59 4.33 3.61 8.89 5.95 2.4 4.39 9.85 4.16 1.92 6.85 8.17 2.71 5.58 9.46 1.71 2.93 3.92 4.66 6.22 3.3 7.69 0.55 9.43 8.1 7.75
bool 97 1 1 0 0 1 1 1 1 0 1 1 0 0 1 0 0 0 1 1 0 1 1 1 1 0 0 1 0 1 1 1 0 0 1 0 1 0 1 1 0 0 0 1 1 0 1 1 0 0 1 0 0 0 1 0 0 0 0 1 0 1 0 1 0 0 1 1 1 1 1 0 0 1 1 0 1 1 0 0 1 0 0 0 1 0 0 1 1 1 1 1 0 1 1 1 0 1
char 99 i n n g b f p d t h t p f n q j c p e g s g n o k a p c b b l f g q t k p s h g i h e h d o n e i i a m b b n g e a p q l d m r n d e f s k n l f i n g s q h e i m p q q q n n t p a m f s r t e d r
double 100 4.07 5.98 0.51 4.65 3.27 0.31 3.29 9.73 1.41 8.23 9.17 2.38 3.31 3.82 4.39 0.08 7.2 9.1 0.38 3.33 1.93 8.81 3.13 4.74 5.16 1.54 2.53 0.07 0.82 8.39 1.38 2.22 0.22 9.14 6.93 6.85 8.56 1.11 5.66 0.46 8.08 6.16 3.71 3.33 7.76 3.12 7.99 4.79 6.29 4.7 0.59 7.5 2.28 1.72 9.7 8.8 7.4 2.15 4.45 1.54 5.57 7.77 3.66 1.97 1.86 8.54 5.09 8.87 7.43 7.9 7.39 1.68 1.72 5.46 0.74 1.48 5.59 9.9 9.32 9.06 2.62 9.21 4.43 3.84 7.37 3 8.9 7.33 2.72 1.01 9.09 6.52 6.1 6.54 5.63 7.24 9.54 4.72 9.97 7.42
int 101 52 47 88 99 49 76 92 83 41 38 24 44 48 92 10 89 19 67 79 51 76 49 79 44 99 98 86 64 97 82 82 58 69 10 4 20 85 25 6 41 56 60 10 40 92 37 13 10 41 72 66 60 3 82 54 91 52 60 74 17 48 22 86 20 66 20 85 70 77 15 81 53 4 19 99 81 62 24 49 69 50 72 44 49 87 21 84 14 28 28 42 84 40 73 71 20 33 28 19 72 30
double 102 7.24 0.03 2.35 2.83 6.63 5.8 1.13 2.23 3.83 4.03 3.23 0.22 5.26 9.58 2.45 2 5.91 5.96 1.57 4.9 9.57 6.31 6.93 4.51 5.79 7.09 9.53 3.49 5.21 3.86 9.36 7.91 0.35 9.66 9.32 9.15 4.35 5.89 5.18 3.76 1.27 2.68 1.7 2.54 1.29 4.42 5.6 7.63 9.07 5.26 6.88 3 8.86 6.78 9.87 2.4 6.55 6.92 9.89 0.11 1.56 6.4 9.86 4.74 6.48 7.02 1.32 5.38 8.56 2.54 6.1 2.48 4.62 5.26 2.49 0.49 9.16 7.48 4.84 5.65 1.76 3.2 9.53 2.13 2.31 1.61 4.29 3.64 0.06 5.97 8.2 9.01 2.42 5.96 5.5 7.15 3.41 8.77 1.75 7.55 4.99 4.48
bool 102 1 0 1 1 1 1 0 0 0 1 0 1 1 0 1 0 0 1 1 0 0 1 1 0 0 0 1 0 0 1 0 1 1 0 1 0 0 1 1 1 1 1 0 0 0 0 1 1 1 1 1 1 0 1 0 0 0 0 1 1 1 0 0 1 1 1 1 0 1 0 1 0 0 1 1 0 1 0 1 0 0 1 1 0 0 0 0 0 1 1 1 0 1 1 1 0 1 0 0 0 0 0
double 105 6.68 6.32 8.29 9.08 1.52 8.61 8.17 5.86 4.85 0.55 2.27 3.22 2.58 6.27 5.44 8.87 3.42 3.91 6.46 7.27 8.6 3.13 1.1 2.11 3.47 9.74 9.04 8.16 1.69 3.78 1.38 3.88 5.36 0.75 5.35 6.1 0.04 9.29 1.77 3.41 5.45 6.26 8.42 6.41 2.11 5.28 7.32 4.68 8.64 8.77 1.04 4.29 9.83 4.63 8.59 0.1 0.77 6.55 6.99 0.57 1.62 7.11 8.87 0.13 0.84 9.01 2.29 9.87 6.73 6.92 4.12 6.08 7.98 3.78 0.15 1.04 7.45 6.64 4.68 4.84 4.21 3.56 5.49 0.91 6.18 4.34 1.98 9.05 5.74 1.95 0.31 5.54 0.16 5.54 5.18 2.08 5.5 2.39 0.8 0.77 8.09 7.9 8.28 6.3 1.65
double 106 2.02 7.37 6.54 6.72 5.56 3.09 5.41 1.17 7.79 1.43 2.41 6.24 5.97 8.29 3.99 1.18 2.23 7.54 2.96 8.34 7.81 1.32 1.68 3.16 0.99 1.13 1.25 5.4 8.44 5.8 5.27 5.84 5.44 1.76 2.51 5.76 5.81 4.32 1.92 7.65 2.25 6.45 0.56 8.8 0.16 5.65 3.4 4.89 7.52 2.06 1.33 4.15 3.52 5.57 5.03 8.45 4.11 0.1 2.78 9.79 8.93 3.56 2.41 6.98 1.98 9.96 3.25 3.11 0.85 7.09 1.92 8.78 0.63 6.58 8.74 1.43 8.34 6.29 9.83 5.89 3.34 7.41 2.92 9.74 0.84 0.36 4.99 6.38 4.93 3.78 0.26 6.49 2.9 1.26 7.6 0.49 3.83 9.82 6.31 0.18 7.21 1.11 5.51 5.16 9.65 0.05
bool 107 0 1 0 0 0 1 1 1 0 1 0 0 0 0 0 1 1 1 0 1 1 1 0 1 0 0 0 1 1 1 1 1 0 0 0 0 0 1 0 1 0 0 1 1 1 0 0 1 1 0 1 1 1 1 1 0 0 1 1 1 0 1 0 0 0 0 0 0 0 0 1 0 0 0 1 0 1 0 1 1 1 1 1 1 1 1 1 1 1 0 1 0 1 1 0 1 0 0 0 0 0 1 1 0 1 0 0
bool 107 0 1 1 1 0 0 1 0 0 1 0 0 0 1 0 0 0 1 1 0 0 0 1 0 0 0 1 0 1 1 1 0 0 0 0 1 0 0 0 1 1 1 1 1 1 1 0 0 1 0 1 1 0 0 1 0 0 0 0 1 0 1 0 1 1 0 0 1 0 1 0 0 1 1 0 0 1 1 1 1 0 0 1 0 1 1 0 1 1 0 0 0 1 1 1 0 1 1 0 0 1 0 1 0 0 1 0
double 108 2.09 1.55 8.23 6.25 0.52 8.01 2.85 4.63 0.58 9.99 7.83 1.69 8.79 0.55 0.69 3.28 7.71 1.89 7.57 7.41 4.69 1.43 9.74 6.87 3.56 5.63 2.61 4.53 8.92 8.64 2.06 2.87 6.42 1.1 3.79 9.67 2.85 3.95 1.95 5.24 4.73 1.84 4.82 3.47 3.93 2.57 8.68 2.76 3.01 0.91 6.59 2.37 3.94 0.13 9.79 1.08 5.51 8.88 6.88 7.71 9.81 1.96 9.62 5.91 0.24 3.68 4.14 9.65 7.67 5.55 6.24 0.07 4.72 5.54 5.93 2.83 8.87 3.13 6.64 5.87 0.63 3.54 3.82 2.99 2.43 3.37 0.91 8.28 9.88 9.76 7.05 8.55 4.1 9.38 4.36 5.98 2.83 0.37 3.34 5.8 7.23 0.48 7.33 7.56 7.86 2.51 5.05 2.63
char 108 p a a i o a p j k t l f l g c g b f l a l b q r k p l h m n r c a l g d f t r o s b m e a j t h t a g p m s m n m k d m e h e o p r p t d c q j q f j o o g d l g l h g l n e q n p p c t t a p h a i i q o a a h d c s
double 109 8.88 9.52 6.28 3.32 1.1 1.73 2.92 9.05 3.93 1.87 8.55 6.79 3.55 6.54 0.05 6.86 9.42 1.09 4.04 3.22 7.02 1.78 6.14 3.96 9.24 6.45 8.4 1.04 2.25 1.65 9.81 3.83 3.86 2.53 1.53 4.43 1.15 8.15 9.54 4.4 1.28 4.66 0.83 6.63 7.37 7.03 6.87 5.53 4.05 0.05 8.57 0.01 6.46 2.03 2.27 7.95 5.88 8.77 8.29 9.23 8.62 8 0.2 0.91 4.19 4.79 4.92 3.61 9.04 7.64 8.87 9.47 9.26 7.16 7.71 6.97 6.26 7.36 3.64 9.79 9.2 1.17 0.78 9.19 5.03 4.54 5.15 1.54 0.37 0.95 2.99 6.66 8.36 3.2 6.95 9.82 5.72 5.85 5.91 2.56 0.9 4.62 7.31 4.49 3.38 3.99 7.23 0.55 7.44
