bool 34 67 0 0 1 0 1 1 0 1 0 0 0 0 0 0 1 0 1 1 1 1 1 1 0 0 0 1 0 1 0 1 0 1 1 0 1 0 1 1 0 1 0 1 0 1 0 0 0 1 1 1 1 1 0 1 1 0 0 0 0 1 1 0 1 0 0 0 0
int 67 68 42 8 3 77 25 34 1 78 82 69 36 78 39 38 21 26 63 77 75 24 81 0 61 62 2 48 95 84 16 37 7 93 84 44 59 21 58 43 68 77 19 57 41 91 64 23 15 72 29 41 15 15 36 57 59 0 52 93 41 29 48 27 98 24 24 74 33 85
bool 50 10 1 1 0 1 1 1 1 0 0 1
double 1 20 1.0 7.2 8.2 0.1 0.6 3.5 6.0 7.1 2.7 3.7 4.3 6.8 3.3 9.5 7.1 0.3 4.2 1.1 7.9 3.4
int 10 98 94 46 43 22 11 80 55 58 47 70 90 73 27 13 54 96 72 50 41 41 46 25 13 24 29 95 3 94 93 67 87 40 79 41 25 34 60 0 7 21 92 93 17 17 3 43 93 39 11 25 28 78 48 50 92 44 54 23 53 36 47 46 26 61 4 38 71 86 5 99 56 28 67 51 19 91 66 17 46 93 87 21 12 67 99 44 97 1 28 42 4 68 68 41 96 62 20 44
int 11 12 93 4 5 97 17 55 41 43 33 97 79 36
char 48 67 e f p p y e b e o e q z n b h y c w m f y a q q i a n n y h q o u i z v e a v g z j w o b l s g w n k v j l n i v q c w v z x t c t h
double 92 70 4.7 2.1 6.1 4.4 5.9 6.6 8.5 3.9 1.8 0.7 6.8 5.4 5.0 3.2 9.9 2.0 3.5 9.8 9.2 1.6 8.2 2.9 1.6 5.9 5.8 8.3 9.9 3.5 5.7 7.0 7.1 4.2 8.0 7.7 0.6 9.5 8.6 0.3 5.2 1.8 3.5 8.5 2.8 7.8 6.0 0.1 4.9 6.4 8.5 2.6 5.7 3.7 4.1 3.8 9.3 9.6 3.3 9.3 6.8 7.3 3.5 0.9 9.6 8.1 6.1 3.9 8.4 2.3 9.9 3.1
double 70 41 9.0 2.5 1.1 6.7 8.2 8.3 8.7 9.3 5.0 7.9 6.8 7.4 8.4 2.9 3.5 6.0 0.5 1.1 9.2 2.4 5.0 1.6 6.0 0.1 5.9 0.9 2.3 6.7 0.0 2.5 5.6 4.0 4.8 5.5 0.7 4.9 9.1 6.0 8.2 3.6 1.9
char 44 1 u
bool 11 35 1 0 1 1 1 0 0 1 0 1 0 0 0 1 1 0 1 1 1 1 1 1 1 0 1 0 0 1 0 1 0 0 0 1 1
int 76 64 15 51 36 55 74 77 54 29 82 51 69 37 1 76 4 73 61 97 95 25 85 62 29 60 18 73 79 9 62 24 74 82 75 15 43 46 32 68 84 61 72 86 66 89 51 4 33 94 76 98 4 33 68 84 17 64 16 14 66 96 73 48 10 96
bool 81 24 1 1 1 0 0 1 1 1 0 1 1 0 0 1 1 0 1 0 1 0 0 1 0 1
bool 5 7 0 1 1 0 1 1 1
bool 15 19 0 1 1 0 1 1 1 1 0 1 1 1 1 0 1 1 0 1 0
char 75 88 m m w w w q k n n r m q m j c c p a o w a z f e u r g p b f r y e d q j r l t m y m h y s o i c w u o h f e r e b e a c a z u v j o x y i p m s g u f j i w l c f y w x t e y y
bool 68 21 1 1 1 0 1 0 1 1 0 1 1 0 1 0 1 1 1 0 0 0 1
char 30 41 t e x y r w i z z o e o w a q e z d l m w a f c o z v q c i e w g k e k f g r c y
bool 81 28 1 1 1 1 0 0 1 1 0 1 0 1 0 1 1 1 1 1 1 0 0 1 0 0 0 1 1 0
bool 42 41 1 1 0 1 0 1 0 0 1 1 1 0 1 1 0 1 0 1 1 0 0 1 1 0 0 1 1 1 0 0 0 0 1 0 1 1 0 0 1 0 1
bool 65 53 1 0 0 1 1 1 1 0 0 0 0 1 1 1 1 0 1 0 1 1 0 0 1 1 1 1 0 1 0 1 1 1 0 1 1 0 1 1 1 1 1 1 1 1 1 0 0 1 0 0 0 0 1
char 59 76 q d v d l r w a m n k y x j s x p f d l z e h b g k v y p x f s m q h i b n g j t g r k p f e r a y x d z n p g k s d f p d j o b i c q f q m f s t q h
bool 76 22 0 0 0 0 0 1 0 0 1 0 0 0 0 0 0 0 1 0 0 1 0 1
bool 47 56 1 0 1 0 1 0 1 0 0 1 1 1 1 0 1 1 0 1 0 0 1 1 1 0 0 0 1 0 1 1 1 0 1 1 0 0 0 1 1 1 1 0 0 1 1 0 1 1 1 0 0 0 1 1 1 0
char 66 67 x b i p w w e g h t f i q j q k b n j h x d k u n e b q g r i z k e k g e r q q l y y f e s o y k m v a y q b n k s t m d e f r m t w
int 18 85 13 70 89 49 81 11 55 18 6 34 17 81 22 92 14 73 24 97 87 94 48 86 14 94 29 41 81 23 62 44 59 29 48 53 68 58 47 21 79 1 27 27 11 52 93 39 35 78 13 44 59 16 2 13 6 98 73 27 5 24 51 72 52 89 66 18 79 43 76 83 60 52 81 55 96 50 34 22 98 50 46 36 95 26 46
int 21 10 62 81 68 79 24 65 27 37 30 91
int 59 11 75 6 72 35 7 54 55 52 54 11 59
char 39 95 j f l k j w n w w f z i n w t x s c j b p a w n h b s k i l h s d u d s l m c r f i p q q b p b f g c q y x e j h g a h x w j m s k g a p l c j j l t q t r o z a m u i n y s t p k l z l i v
double 44 87 4.8 1.4 7.1 1.8 9.0 0.7 2.9 3.2 7.2 5.8 8.7 9.5 8.7 5.8 0.7 8.5 8.4 2.7 4.4 4.1 7.9 5.5 1.7 6.7 5.5 7.3 5.1 4.3 6.9 6.0 2.5 3.4 9.4 4.6 2.3 0.6 9.8 1.3 0.2 5.1 7.5 5.4 6.7 8.9 6.5 6.1 9.8 4.8 0.4 4.4 6.6 8.5 6.2 4.3 9.8 0.3 4.1 8.7 8.6 9.4 8.8 2.1 8.9 9.1 9.3 9.0 8.9 9.2 1.5 6.5 8.1 8.1 8.9 3.6 0.2 2.7 8.7 8.6 1.8 9.2 0.7 5.3 8.5 8.4 1.5 9.9 0.4
int 68 52 56 12 41 40 24 63 34 53 5 76 81 81 36 37 18 49 93 45 53 86 22 87 34 3 8 49 60 28 15 92 38 29 10 5 42 15 49 41 60 13 42 3 81 1 71 94 81 38 75 26 53 53
double 45 21 5.9 1.3 1.6 2.8 2.9 0.6 5.5 5.4 5.1 8.7 7.7 9.7 5.7 3.6 4.0 2.6 7.2 0.0 0.4 2.6 2.5
int 5 49 38 14 93 11 49 77 80 82 67 79 69 84 90 6 67 49 57 68 48 33 36 70 78 63 27 95 87 63 62 93 53 14 85 57 2 91 23 39 23 93 68 77 83 90 20 48 39 6 60
char 31 5 y t n b s
double 92 2 1.0 5.4
bool 34 12 0 1 1 0 0 1 0 1 1 1 0 1
bool 13 9 0 0 0 0 0 1 0 1 0
double 43 84 1.6 1.5 6.0 2.9 6.6 8.3 0.8 0.5 5.0 6.9 4.4 8.9 6.9 9.2 1.9 3.2 8.2 8.2 6.9 1.9 3.2 9.2 0.2 1.7 2.6 6.0 1.1 8.7 9.8 1.1 3.2 5.6 1.9 4.6 1.0 7.5 0.9 3.9 7.3 7.2 5.9 8.1 3.0 4.0 4.3 4.5 8.7 0.9 1.4 4.6 2.7 7.7 5.6 4.8 8.8 8.6 4.6 4.7 6.6 0.6 2.5 0.9 5.4 2.4 7.8 4.5 7.4 6.3 8.5 9.3 0.3 6.1 1.8 1.2 8.8 7.4 4.3 3.7 9.3 6.2 1.4 3.9 6.7 0.9
bool 10 34 0 1 1 0 0 0 0 0 1 0 0 0 0 1 1 0 1 0 1 0 1 1 0 0 1 1 0 0 1 0 1 1 0 1
char 12 76 u x h z y p l w i i r e s t l d u l a k y q q u q g q c c s l r c g s q h v d e h n j l j k w o m i p k s j e q x f w h i l z b o y f o r v e s p p h l
double 89 92 5.6 6.3 6.7 7.0 6.5 3.4 9.7 4.4 3.9 7.5 8.6 8.3 2.4 8.5 2.5 9.3 1.2 7.2 4.2 2.2 2.4 8.1 7.7 9.3 5.5 9.9 7.9 8.4 4.5 4.5 2.4 9.4 0.4 3.3 2.2 2.4 1.6 5.3 9.0 4.6 7.4 0.4 2.0 0.8 4.1 1.9 8.3 7.6 8.5 2.0 6.5 5.3 1.5 4.3 8.4 5.7 8.4 1.5 1.9 4.7 8.1 1.5 7.1 3.6 1.9 6.6 6.1 9.9 3.6 8.3 9.4 9.8 6.2 6.1 7.2 3.1 7.9 9.5 9.7 1.9 0.0 1.9 7.3 5.0 1.4 4.4 1.7 5.1 5.4 7.2 4.0 9.3
char 44 25 l n n l p y q k x u v e r k q a l n y v z z f v z
char 76 1 s
bool 3 87 0 0 1 0 0 1 0 0 0 1 0 0 0 1 1 0 0 1 0 1 1 1 1 1 0 0 1 0 1 0 0 1 0 1 1 1 1 1 1 0 0 0 1 0 1 0 0 1 0 1 1 0 1 0 1 1 0 0 1 1 1 1 1 0 1 0 0 1 1 1 0 1 0 1 0 1 0 0 0 1 1 0 0 1 0 0 1
double 61 66 4.4 9.0 1.1 4.2 0.5 6.7 4.5 1.3 5.7 1.9 7.6 0.8 4.8 1.2 9.7 1.1 1.0 7.1 9.5 3.1 1.0 9.0 4.4 7.3 9.4 2.9 3.3 7.5 6.2 8.8 1.5 3.7 3.0 8.2 6.8 3.3 0.5 4.7 5.0 2.2 5.1 2.9 5.3 4.7 1.0 0.9 9.1 4.4 7.3 3.7 2.7 7.6 6.9 8.4 3.4 7.4 0.1 6.6 1.0 1.7 1.6 8.4 8.4 0.5 3.6 5.9
char 20 19 n p d p l w h g t u j r c f f o v y f
bool 30 13 1 0 1 1 0 0 1 1 1 0 0 1 0
bool 14 64 0 1 1 0 1 1 1 1 0 1 0 0 1 1 0 1 0 1 1 0 0 0 1 1 1 1 1 0 1 1 1 1 0 0 0 0 0 0 0 0 1 1 0 0 1 0 0 0 1 1 1 1 1 0 0 0 1 0 0 1 0 0 0 0
int 34 73 79 3 44 17 76 4 95 30 74 89 27 3 86 74 18 21 82 61 52 3 88 44 42 89 7 37 98 52 82 91 89 34 62 98 36 67 51 85 83 76 33 26 11 99 71 70 18 96 48 21 96 54 61 76 48 76 91 28 32 29 73 70 85 70 29 90 94 4 40 33 78 70 55
double 55 43 0.9 5.9 9.4 8.2 6.8 6.1 8.7 5.6 0.4 3.3 9.5 0.2 5.4 1.7 0.5 2.4 4.3 5.8 8.7 6.7 9.2 6.0 1.3 7.6 6.7 0.1 3.5 0.4 1.2 4.0 9.7 5.6 0.9 8.7 1.5 7.9 8.6 0.4 6.2 0.3 7.1 6.8 0.0
int 28 60 9 1 70 14 42 62 37 91 34 6 60 12 77 54 71 11 82 49 48 95 6 37 20 33 47 84 9 43 83 96 97 47 87 16 90 19 82 64 82 21 83 63 38 69 58 63 97 70 40 0 10 16 69 88 97 55 18 51 61 45
double 11 41 2.0 0.2 1.1 8.9 6.8 7.8 7.1 9.1 8.7 3.6 3.9 8.9 4.1 0.0 9.4 4.8 8.1 5.7 4.6 6.0 5.7 3.2 0.9 4.9 7.1 0.6 3.8 6.1 9.9 6.2 5.2 3.4 5.0 9.0 5.4 0.3 6.2 1.5 0.3 2.5 6.0
int 58 26 71 69 38 71 92 69 59 92 94 48 85 14 56 26 20 22 54 98 64 65 63 83 82 93 87 22
char 76 13 f i t z u y h g f t r m o
char 75 13 n x j b o o j i e g e w b
double 64 6 6.2 7.1 7.7 3.3 7.3 1.8
bool 95 67 1 1 1 0 1 1 0 0 0 0 1 0 0 1 0 0 1 1 0 0 0 0 0 1 0 1 0 0 1 1 1 1 1 0 1 1 1 0 1 1 1 0 0 1 0 0 0 0 1 0 1 1 0 0 0 1 1 1 1 0 0 1 0 0 0 0 0
bool 69 73 0 1 1 1 0 0 1 1 1 1 1 1 0 1 1 0 1 1 0 0 1 0 1 1 1 1 0 1 0 1 1 1 1 1 1 0 1 1 0 0 0 0 0 1 1 1 0 0 1 0 0 1 0 1 1 0 0 1 0 0 1 0 1 0 1 0 0 1 0 1 0 0 1
int 98 31 13 7 86 8 95 42 12 22 69 38 89 57 46 86 99 93 74 8 87 11 79 3 12 11 29 78 52 35 1 97 39
int 34 85 13 39 7 72 14 41 53 91 94 47 17 51 79 79 55 5 75 54 8 22 52 82 16 81 8 9 99 46 32 40 88 60 37 85 77 80 73 67 44 98 92 76 33 92 34 70 85 85 30 89 34 55 19 0 93 88 38 8 20 77 53 88 84 97 94 47 6 28 83 55 96 63 20 31 58 87 42 96 37 4 78 83 61 65 73
bool 49 40 0 1 0 0 0 1 1 1 1 0 0 0 0 1 0 0 1 1 0 1 1 0 1 0 0 0 1 0 1 1 0 0 0 0 1 1 0 0 0 0
bool 61 80 0 1 0 0 1 0 1 0 0 1 1 1 0 0 0 0 0 1 1 1 1 0 1 1 0 0 0 0 1 1 0 0 0 0 0 0 0 1 0 0 0 1 1 1 1 0 1 0 0 1 1 0 1 1 0 0 1 1 0 0 1 1 0 1 1 1 0 0 0 1 1 1 0 1 0 1 1 1 0 0
char 81 31 s m r t o s g l h n n q o t p e o f t e s j i i q v g u a g q
bool 4 23 0 0 1 0 0 0 1 0 0 0 1 1 0 1 0 1 1 1 1 1 1 0 1
double 9 6 0.1 3.9 3.7 4.2 7.6 9.0
char 64 11 i x c e u w u s k c u
char 84 29 z d w a x g u b q x g o b h g k f c a s j s q z e u q h o
bool 48 95 0 0 0 1 0 1 1 0 0 0 0 1 0 0 1 0 0 1 0 1 0 1 0 0 0 1 1 0 1 1 1 0 0 0 0 0 1 0 1 1 1 0 1 0 0 1 1 0 1 1 1 0 0 0 1 1 1 1 0 1 1 1 0 1 1 0 0 0 0 1 0 1 1 1 0 1 1 0 0 0 0 0 0 0 1 0 1 0 1 1 1 0 0 1 0
int 30 42 98 14 6 26 19 88 22 26 58 81 59 54 16 37 4 74 45 83 66 33 99 22 47 48 85 27 34 14 72 22 35 81 92 61 29 16 86 13 51 9 0 60
char 39 21 m p g i p k u z y j w x x p e x r n g f a
double 18 75 6.4 4.0 3.8 4.7 1.2 5.0 1.8 3.6 9.7 5.7 0.5 2.5 7.1 5.7 3.7 9.3 6.4 1.5 5.9 0.1 2.0 3.5 3.5 7.7 0.4 5.9 6.2 9.6 6.4 8.1 6.3 5.5 6.7 4.4 9.5 9.3 1.5 0.2 8.3 6.6 8.9 7.5 9.1 1.7 1.0 5.3 1.6 4.2 5.1 0.8 9.8 9.7 2.6 2.5 1.5 0.1 4.5 4.3 1.9 6.4 4.2 5.5 4.4 9.1 5.2 5.1 4.5 6.8 6.2 1.8 2.2 8.2 4.5 6.3 5.8
double 63 40 0.5 9.2 0.1 9.0 3.0 2.7 7.0 1.9 9.8 5.2 0.5 0.9 5.4 2.0 1.6 3.1 9.6 7.5 6.3 1.2 8.1 1.6 0.3 4.7 6.4 2.6 6.9 6.1 4.0 6.1 2.6 1.3 7.3 3.0 4.7 8.1 4.6 4.5 6.5 7.7
bool 1 20 1 1 1 0 0 1 0 1 1 0 0 0 1 0 0 1 1 1 0 1
char 89 84 f n v e p g z k c d u k m y f f d x f h u a e f l n c u v f a n b r z t b h l n r z a q e e w k u s b k a i j k w d q g p a r o d c e f x r d v e n j i q c y k u k z u
double 29 82 1.5 4.0 8.2 8.5 8.0 6.2 4.7 0.5 2.2 1.7 5.1 2.8 4.9 3.3 9.7 8.1 8.0 5.3 2.0 6.2 1.3 1.6 9.7 1.1 2.1 9.3 0.0 7.7 9.2 4.3 8.1 9.9 0.0 8.9 4.9 2.0 2.3 2.7 4.9 6.5 7.0 4.6 8.8 2.6 8.3 0.1 6.8 4.0 7.1 9.1 0.7 7.2 5.3 6.2 8.7 6.2 2.5 7.6 7.1 9.0 3.2 9.3 8.7 9.4 8.7 1.4 4.6 2.2 3.8 8.9 3.5 6.1 9.5 9.7 6.7 5.3 3.5 9.1 1.6 4.1 4.9 2.9
int 77 89 12 64 50 34 88 0 22 27 28 71 41 47 31 55 28 25 66 65 1 19 62 77 97 97 3 60 81 55 66 55 43 43 93 87 51 53 41 23 61 27 6 14 97 37 55 82 58 37 84 72 31 7 47 33 16 99 71 88 7 74 10 93 86 21 99 49 24 71 87 83 78 75 7 95 0 39 69 41 44 27 82 95 70 33 29 30 28 39 46
int 77 91 11 33 5 36 13 82 93 96 91 46 14 9 92 11 74 0 72 3 48 5 29 6 25 35 77 34 66 15 90 49 39 66 31 74 45 72 88 35 88 19 39 86 12 55 35 63 73 91 57 5 1 16 81 11 8 93 91 52 46 6 23 18 72 21 22 80 28 17 67 46 6 25 1 33 67 49 97 63 66 35 61 23 83 33 30 25 71 92 11 57 17
bool 14 68 0 1 1 0 0 1 1 0 0 1 0 0 0 1 1 1 0 1 1 0 1 1 0 0 1 0 1 1 0 1 1 1 1 0 0 1 0 0 1 1 1 0 0 0 1 1 1 0 0 0 1 1 0 0 1 0 0 0 0 0 0 0 1 0 1 1 0 1
char 75 85 q q y j a b l f z r i x j n t l n b x a a p l o n n y j y t d z s o w n n j z a e j m f s b n v g a s e p x s j n j j r s j w j b k u a z z g b w d k z h u m k n u v j y
bool 31 40 1 1 0 0 1 0 0 0 1 1 0 0 0 0 0 1 0 1 0 0 0 1 1 0 0 1 0 0 1 1 1 0 0 1 1 0 0 0 1 1
double 17 24 5.5 6.2 0.7 5.0 9.0 8.3 0.1 7.0 4.0 1.6 9.9 2.2 9.0 0.8 9.5 2.7 6.9 6.7 3.8 1.1 0.0 6.3 8.8 8.9
double 43 32 9.5 4.0 4.9 5.8 9.8 9.2 5.1 2.3 2.6 9.0 9.6 1.4 4.1 6.5 3.7 2.2 9.0 9.2 3.2 4.9 1.5 5.1 0.0 4.7 9.8 6.0 3.3 0.2 2.1 6.9 3.7 1.8
double 92 45 9.1 2.3 3.1 8.2 0.1 0.1 9.0 9.2 0.4 1.4 7.2 3.7 6.1 2.7 7.4 3.0 0.7 0.9 4.4 2.1 5.4 6.5 8.3 0.3 7.3 9.6 5.5 8.0 1.6 0.4 6.8 1.6 1.4 1.5 7.2 4.1 3.5 0.2 2.0 1.2 1.3 7.7 9.0 4.4 6.5
bool 87 54 0 0 0 0 1 1 0 0 0 0 0 1 1 1 0 1 1 1 0 0 1 1 1 0 0 1 1 0 1 0 1 0 0 1 1 0 1 0 0 0 0 0 0 0 1 0 1 1 1 0 1 1 1 0
bool 23 55 0 0 0 1 1 1 1 0 0 1 1 1 0 1 1 0 1 0 1 0 0 1 0 0 0 1 0 1 0 1 0 0 1 0 1 0 1 0 1 0 1 0 1 0 1 0 0 0 0 0 0 1 0 1 1
double 18 95 0.5 1.8 0.4 2.2 9.2 9.1 6.4 6.4 0.5 5.0 7.6 9.0 2.4 1.7 4.0 8.9 5.7 8.5 5.5 2.2 3.8 5.0 4.6 6.7 9.2 4.8 7.6 3.9 6.6 9.0 0.2 0.0 5.6 2.3 3.2 4.5 3.4 9.8 7.6 0.0 7.7 0.6 2.8 4.2 8.8 1.4 8.2 7.7 3.1 3.7 2.8 2.3 7.6 6.9 0.5 7.3 8.4 3.3 5.5 5.2 9.2 2.0 0.1 7.5 3.5 8.4 0.7 4.1 8.3 6.0 6.8 4.1 2.2 8.5 8.3 9.2 8.3 0.3 4.3 0.9 6.1 4.2 5.2 6.4 2.3 5.9 9.7 4.3 6.4 3.7 3.6 0.8 1.4 7.5 9.0
bool 20 52 1 1 1 1 0 1 0 0 1 0 0 0 1 1 0 0 0 1 1 0 0 0 1 1 0 1 0 1 0 0 0 0 0 0 1 1 1 0 1 1 0 0 0 0 0 0 0 1 0 0 1 1
char 27 45 n r j w i y v t l o v f l f w o a n r r b r j r n g c p e q j y k p n q m c j o z l p v d
bool 68 60 0 0 0 0 1 0 1 0 1 0 0 0 0 0 0 1 1 0 0 0 0 1 0 1 1 0 1 0 1 0 0 1 0 0 0 1 1 1 0 0 1 0 0 1 1 0 0 0 0 0 0 0 1 1 0 0 0 1 0 1
int 35 83 95 2 77 66 46 22 54 72 8 6 5 18 19 78 81 88 48 29 70 62 87 14 60 93 74 71 78 69 76 68 77 77 17 83 78 85 7 78 9 53 50 42 38 2 95 31 93 39 5 25 4 28 6 97 32 29 69 90 9 13 3 73 86 69 55 59 93 80 65 14 70 11 63 19 30 77 95 94 1 89 35 90 48
double 77 1 1.7
char 83 43 o r y b y d f t h z t n i x a u k k d k i i i w t k b t c d d v n t y i q n g l a g v
int 47 18 26 9 98 95 76 9 56 62 48 56 12 89 29 2 84 29 29 59
bool 53 68 1 1 0 0 1 0 1 0 0 1 1 0 0 1 0 0 1 0 0 0 1 1 0 1 1 1 0 0 1 0 0 0 1 1 1 0 0 1 0 0 0 0 1 1 0 1 0 0 0 0 1 1 0 1 1 1 1 1 1 0 0 0 1 0 1 1 1 0
int 96 39 17 56 94 74 0 55 31 11 83 50 75 12 94 48 52 36 88 26 33 48 96 85 96 6 15 12 26 76 2 84 14 11 87 89 52 25 9 95 47
double 93 60 2.5 6.0 8.9 5.9 0.0 2.1 7.4 4.2 6.2 2.9 9.5 9.4 3.0 7.5 8.3 3.6 1.4 4.9 1.1 9.1 6.2 0.7 5.1 2.3 2.9 4.2 9.0 6.0 9.0 4.7 4.5 4.7 1.3 1.7 1.1 9.4 5.4 1.5 8.3 8.8 9.0 9.8 7.8 6.7 1.3 5.9 2.8 6.2 5.1 7.2 8.5 9.3 6.5 5.3 6.4 0.3 7.1 5.7 6.6 2.2
double 64 72 0.5 0.3 4.8 9.9 0.0 1.7 4.5 8.8 2.4 6.6 3.8 7.5 9.8 3.5 4.9 5.4 7.0 5.9 8.1 3.8 9.1 6.2 5.1 7.2 2.9 3.2 2.5 8.4 0.6 3.1 7.8 7.0 7.2 3.8 8.7 6.2 5.0 9.2 2.6 4.2 8.5 0.8 0.6 3.6 2.8 9.4 5.8 0.2 0.1 3.0 0.1 9.2 9.4 6.3 0.5 2.8 5.1 2.7 6.7 9.0 0.2 3.7 5.9 0.5 8.9 5.5 5.1 8.6 3.9 6.5 0.1 9.0
char 66 73 z k g g f i s d i q w q w v b z j v r l p u y x n r v r c w l o t e o a z c p g m h t m p y g s s i p g a a w j w y p n j n t f u t s v y d d j y
double 92 1 0.0
char 34 15 a n m j j t h e a y g x h n q
